{
  "scene": "093ef327b4e4f9d4ee52c02a354a53558a8652157fb0d58f3b4a708734afb334",
  "data_factor": 4,
  "intrinsics": {
    "w": 960,
    "h": 540,
    "fl_x": 420.49485042336295,
    "fl_y": 420.15307214892454,
    "cx": 480.0,
    "cy": 270.0,
    "k1": -0.002007863491890884,
    "k2": 0.00040008103952520233,
    "p1": -0.00025085341170362024,
    "p2": 0.0009298597165806805,
    "camera_model": "OPENCV"
  },
  "num_training_frames": 16,
  "num_closeup_pairs": 9,
  "training_frames": [
    "frame_00158.png",
    "frame_00101.png",
    "frame_00124.png",
    "frame_00022.png",
    "frame_00112.png",
    "frame_00144.png",
    "frame_00013.png",
    "frame_00107.png",
    "frame_00063.png",
    "frame_00042.png",
    "frame_00081.png",
    "frame_00052.png",
    "frame_00032.png",
    "frame_00089.png",
    "frame_00095.png",
    "frame_00130.png"
  ],
  "closeup_eval_pairs": [
    {
      "training_frame": "frame_00158.png",
      "closeup_frame": "frame_00351.png",
      "depth_ratio": 2.1497,
      "iou": 0.8105,
      "angle_deg": 12.6,
      "pair_score": 2.3693
    },
    {
      "training_frame": "frame_00101.png",
      "closeup_frame": "frame_00319.png",
      "depth_ratio": 2.3806,
      "iou": 0.726,
      "angle_deg": 47.9,
      "pair_score": 2.0286
    },
    {
      "training_frame": "frame_00124.png",
      "closeup_frame": "frame_00306.png",
      "depth_ratio": 2.2088,
      "iou": 0.8824,
      "angle_deg": 15.3,
      "pair_score": 2.6494
    },
    {
      "training_frame": "frame_00022.png",
      "closeup_frame": "frame_00360.png",
      "depth_ratio": 2.1451,
      "iou": 0.843,
      "angle_deg": 20.5,
      "pair_score": 2.4076
    },
    {
      "training_frame": "frame_00112.png",
      "closeup_frame": "frame_00312.png",
      "depth_ratio": 2.2056,
      "iou": 0.8697,
      "angle_deg": 14.9,
      "pair_score": 2.6158
    },
    {
      "training_frame": "frame_00144.png",
      "closeup_frame": "frame_00332.png",
      "depth_ratio": 2.1145,
      "iou": 0.9151,
      "angle_deg": 15.0,
      "pair_score": 2.5971
    },
    {
      "training_frame": "frame_00013.png",
      "closeup_frame": "frame_00365.png",
      "depth_ratio": 2.2829,
      "iou": 0.7853,
      "angle_deg": 10.1,
      "pair_score": 2.4834
    },
    {
      "training_frame": "frame_00107.png",
      "closeup_frame": "frame_00315.png",
      "depth_ratio": 2.2527,
      "iou": 0.8159,
      "angle_deg": 27.9,
      "pair_score": 2.4116
    },
    {
      "training_frame": "frame_00130.png",
      "closeup_frame": "frame_00334.png",
      "depth_ratio": 2.221,
      "iou": 0.8962,
      "angle_deg": 10.5,
      "pair_score": 2.699
    }
  ],
  "closeup_poses": {
    "frame_00319.png": [
      [
        0.11199734404629454,
        -0.9741703076951697,
        -0.196083672272003,
        0.8431960821559836
      ],
      [
        0.8828660617966629,
        0.18811302440430755,
        -0.4303033894557595,
        -1.0785715150637998
      ],
      [
        0.4560746779357812,
        -0.12492278276824746,
        0.8811300621878763,
        0.6662486703086892
      ],
      [
        0.0,
        0.0,
        0.0,
        1.0
      ]
    ],
    "frame_00351.png": [
      [
        -0.1311797170052997,
        -0.9888275330683787,
        -0.07079542140784241,
        -0.04752795933365083
      ],
      [
        0.7915116854008865,
        -0.14746632693656714,
        0.593096058234824,
        0.9834919589798031
      ],
      [
        -0.5969096528958614,
        0.021766769759015647,
        0.8020131383051029,
        0.4545783439861882
      ],
      [
        0.0,
        0.0,
        0.0,
        1.0
      ]
    ],
    "frame_00365.png": [
      [
        -0.11097334599624097,
        -0.9288721624108929,
        -0.3533856567215352,
        0.4185527380739599
      ],
      [
        0.5835941303641309,
        -0.34872444963987653,
        0.7333547226464823,
        0.949364978493075
      ],
      [
        -0.8044270056897225,
        -0.12485096764333617,
        0.5807834608488693,
        0.37818731566488745
      ],
      [
        0.0,
        0.0,
        0.0,
        1.0
      ]
    ],
    "frame_00312.png": [
      [
        0.09496833527759252,
        -0.9858192005370969,
        -0.1383528790701589,
        0.6482023186730546
      ],
      [
        0.8530037784699903,
        0.1522341115571383,
        -0.49920870304345527,
        -1.5084124507094117
      ],
      [
        0.5131915521620778,
        -0.07060650912492417,
        0.8553649230934535,
        0.5890533315938473
      ],
      [
        0.0,
        0.0,
        0.0,
        1.0
      ]
    ],
    "frame_00306.png": [
      [
        0.056536520461723076,
        -0.979943419007478,
        -0.19108772173537428,
        0.33005870897695744
      ],
      [
        0.8946629111713147,
        0.13467764260571577,
        -0.4259579884878733,
        -1.3700118027584007
      ],
      [
        0.4431499714865716,
        -0.14687691488488502,
        0.8843332373293165,
        0.7258940266772407
      ],
      [
        0.0,
        0.0,
        0.0,
        1.0
      ]
    ],
    "frame_00332.png": [
      [
        -0.01575045569480114,
        -0.9923942580001107,
        -0.12208832799991867,
        0.550480843921203
      ],
      [
        0.9939069987725888,
        -0.028861296386764542,
        0.10637623494813278,
        0.017922374682333632
      ],
      [
        -0.10909079216996784,
        -0.11966896949203228,
        0.9868021771380746,
        1.2688307562136905
      ],
      [
        0.0,
        0.0,
        0.0,
        1.0
      ]
    ],
    "frame_00334.png": [
      [
        -0.03017168889616171,
        -0.9922071582901475,
        -0.12089096007123033,
        0.49921615645662204
      ],
      [
        0.9806370785770918,
        -0.05279685093305118,
        0.18858264143695705,
        0.20388127692277505
      ],
      [
        -0.19349570876104713,
        -0.11286030112197888,
        0.9745880992099771,
        1.2116999457146915
      ],
      [
        0.0,
        0.0,
        0.0,
        1.0
      ]
    ],
    "frame_00360.png": [
      [
        -0.12064297429268445,
        -0.9669792515951121,
        -0.22449142464328425,
        0.21513096277632163
      ],
      [
        0.5635038272999394,
        -0.25288576666653645,
        0.7864554822975031,
        0.9233762618385715
      ],
      [
        -0.8172568197158925,
        -0.03162144844934818,
        0.5754054002404135,
        0.37484494534432045
      ],
      [
        0.0,
        0.0,
        0.0,
        1.0
      ]
    ],
    "frame_00315.png": [
      [
        0.10657903383864843,
        -0.9839769680857409,
        -0.1429343759311006,
        0.7656949283561443
      ],
      [
        0.855117126580489,
        0.16406021983986213,
        -0.49179156570118615,
        -1.4438606205822093
      ],
      [
        0.5073614188867224,
        -0.0698109629133495,
        0.8589009372927489,
        0.5603490291543408
      ],
      [
        0.0,
        0.0,
        0.0,
        1.0
      ]
    ]
  }
}