{
  "scene": "0bfdd020cf475b9c68e4b469d1d1a2d0cad303eefe8b78fb2307855afdaac8be",
  "data_factor": 4,
  "intrinsics": {
    "w": 960,
    "h": 540,
    "fl_x": 436.2940471218812,
    "fl_y": 435.12251005349094,
    "cx": 480.0,
    "cy": 270.0,
    "k1": 0.030969730825474637,
    "k2": -0.028096038686110776,
    "p1": 0.000424163706880924,
    "p2": 0.0018951033350345294,
    "camera_model": "OPENCV"
  },
  "num_training_frames": 16,
  "num_closeup_pairs": 8,
  "training_frames": [
    "frame_00191.png",
    "frame_00185.png",
    "frame_00037.png",
    "frame_00030.png",
    "frame_00188.png",
    "frame_00034.png",
    "frame_00194.png",
    "frame_00193.png",
    "frame_00306.png",
    "frame_00384.png",
    "frame_00017.png",
    "frame_00322.png",
    "frame_00024.png",
    "frame_00310.png",
    "frame_00180.png",
    "frame_00398.png"
  ],
  "closeup_eval_pairs": [
    {
      "training_frame": "frame_00191.png",
      "closeup_frame": "frame_00046.png",
      "depth_ratio": 2.0121,
      "iou": 0.7089,
      "angle_deg": 38.6,
      "pair_score": 1.5355
    },
    {
      "training_frame": "frame_00185.png",
      "closeup_frame": "frame_00334.png",
      "depth_ratio": 2.0378,
      "iou": 0.7194,
      "angle_deg": 34.2,
      "pair_score": 1.5722
    },
    {
      "training_frame": "frame_00037.png",
      "closeup_frame": "frame_00337.png",
      "depth_ratio": 2.2055,
      "iou": 0.7202,
      "angle_deg": 23.2,
      "pair_score": 1.8755
    },
    {
      "training_frame": "frame_00030.png",
      "closeup_frame": "frame_00335.png",
      "depth_ratio": 2.0703,
      "iou": 0.686,
      "angle_deg": 27.3,
      "pair_score": 1.6
    },
    {
      "training_frame": "frame_00188.png",
      "closeup_frame": "frame_00044.png",
      "depth_ratio": 2.0201,
      "iou": 0.6794,
      "angle_deg": 40.6,
      "pair_score": 1.4364
    },
    {
      "training_frame": "frame_00034.png",
      "closeup_frame": "frame_00336.png",
      "depth_ratio": 2.0611,
      "iou": 0.7075,
      "angle_deg": 24.0,
      "pair_score": 1.6802
    },
    {
      "training_frame": "frame_00194.png",
      "closeup_frame": "frame_00339.png",
      "depth_ratio": 2.9593,
      "iou": 0.6979,
      "angle_deg": 34.4,
      "pair_score": 2.4331
    },
    {
      "training_frame": "frame_00193.png",
      "closeup_frame": "frame_00338.png",
      "depth_ratio": 2.7921,
      "iou": 0.7049,
      "angle_deg": 34.5,
      "pair_score": 2.3003
    }
  ],
  "closeup_poses": {
    "frame_00339.png": [
      [
        -0.03473889701432566,
        -0.9847126062070094,
        -0.17068770374935416,
        0.28164820139505536
      ],
      [
        0.36250799814509227,
        0.1467435684152081,
        -0.9203555163139996,
        -1.293548839004862
      ],
      [
        0.9313330018393344,
        -0.0938477932919595,
        0.351868485913649,
        -0.49932171986667895
      ],
      [
        0.0,
        0.0,
        0.0,
        1.0
      ]
    ],
    "frame_00336.png": [
      [
        -0.04634384819312594,
        -0.9818635427619525,
        -0.1838375128465353,
        0.28976792465284174
      ],
      [
        0.615790641865781,
        0.11682699222410421,
        -0.7792004487154756,
        -1.1882394060624064
      ],
      [
        0.7865456967813009,
        -0.14931656734206233,
        0.599208168829499,
        -0.12129843384512376
      ],
      [
        0.0,
        0.0,
        0.0,
        1.0
      ]
    ],
    "frame_00334.png": [
      [
        -0.04968096839618265,
        -0.9796041509369522,
        -0.19469850756056356,
        0.2771958705117463
      ],
      [
        0.7825694892570023,
        0.08294444957241419,
        -0.6170131382467993,
        -1.004953657165636
      ],
      [
        0.6205777919513815,
        -0.18301892184203952,
        0.7624875594949241,
        0.13176684400066857
      ],
      [
        0.0,
        0.0,
        0.0,
        1.0
      ]
    ],
    "frame_00044.png": [
      [
        -0.037942439801378784,
        -0.9937284546082145,
        0.10518616716987517,
        -0.08709069271980636
      ],
      [
        0.36475800490848675,
        -0.11177165859097545,
        -0.9243693494437182,
        -3.1127353211262445
      ],
      [
        0.9303289574753111,
        0.003294668085346279,
        0.36671129795127433,
        0.4284020204298116
      ],
      [
        0.0,
        0.0,
        0.0,
        1.0
      ]
    ],
    "frame_00335.png": [
      [
        -0.04853108082250568,
        -0.9808894995928115,
        -0.1884158267841721,
        0.2758214410147747
      ],
      [
        0.6895124794453208,
        0.10357860780634148,
        -0.7168291377267433,
        -1.100476301011691
      ],
      [
        0.722646023225317,
        -0.16470355671163822,
        0.6713087691391874,
        -0.02057176301280798
      ],
      [
        0.0,
        0.0,
        0.0,
        1.0
      ]
    ],
    "frame_00338.png": [
      [
        -0.038936075620501324,
        -0.9840385228315365,
        -0.17364379516355277,
        0.2830543104515331
      ],
      [
        0.44063928925858764,
        0.13905850353361537,
        -0.886848211001566,
        -1.304802513633478
      ],
      [
        0.8968394498331133,
        -0.11104466749249496,
        0.4281916428943002,
        -0.38989336248913403
      ],
      [
        0.0,
        0.0,
        0.0,
        1.0
      ]
    ],
    "frame_00046.png": [
      [
        -0.029433332372736598,
        -0.9940248080191116,
        0.10511117917711801,
        -0.043992308935619354
      ],
      [
        0.2121578776188278,
        -0.10897337154119734,
        -0.9711404837917211,
        -3.185406201058821
      ],
      [
        0.9767920525422542,
        -0.00628373595183229,
        0.21409764303414727,
        0.012974146166718293
      ],
      [
        0.0,
        0.0,
        0.0,
        1.0
      ]
    ],
    "frame_00337.png": [
      [
        -0.04327238703696184,
        -0.9830630570801044,
        -0.17808572745855494,
        0.275621460934501
      ],
      [
        0.5229963820089323,
        0.1295875918882823,
        -0.8424261631942368,
        -1.2783230239055599
      ],
      [
        0.8512357399250164,
        -0.12959198213205678,
        0.5085308577081575,
        -0.25388433441597846
      ],
      [
        0.0,
        0.0,
        0.0,
        1.0
      ]
    ]
  }
}