{
  "scene": "14eb48a50e37df548894ab6d8cd628a21dae14bbe6c462e894616fc5962e6c49",
  "data_factor": 4,
  "intrinsics": {
    "w": 960,
    "h": 540,
    "fl_x": 486.84503786354344,
    "fl_y": 486.49659851790534,
    "cx": 480.0,
    "cy": 270.0,
    "k1": 0.03280843214437759,
    "k2": -0.030815121452165743,
    "p1": -0.00036788930643354915,
    "p2": 0.0018034848164592565,
    "camera_model": "OPENCV"
  },
  "num_training_frames": 16,
  "num_closeup_pairs": 7,
  "training_frames": [
    "frame_00206.png",
    "frame_00240.png",
    "frame_00208.png",
    "frame_00207.png",
    "frame_00205.png",
    "frame_00203.png",
    "frame_00204.png",
    "frame_00265.png",
    "frame_00148.png",
    "frame_00139.png",
    "frame_00216.png",
    "frame_00178.png",
    "frame_00121.png",
    "frame_00160.png",
    "frame_00227.png",
    "frame_00235.png"
  ],
  "closeup_eval_pairs": [
    {
      "training_frame": "frame_00206.png",
      "closeup_frame": "frame_00340.png",
      "depth_ratio": 2.0922,
      "iou": 0.6783,
      "angle_deg": 27.8,
      "pair_score": 1.7225
    },
    {
      "training_frame": "frame_00240.png",
      "closeup_frame": "frame_00298.png",
      "depth_ratio": 2.1682,
      "iou": 0.6684,
      "angle_deg": 10.1,
      "pair_score": 1.9339
    },
    {
      "training_frame": "frame_00208.png",
      "closeup_frame": "frame_00341.png",
      "depth_ratio": 2.0858,
      "iou": 0.6672,
      "angle_deg": 28.6,
      "pair_score": 1.6859
    },
    {
      "training_frame": "frame_00207.png",
      "closeup_frame": "frame_00342.png",
      "depth_ratio": 2.118,
      "iou": 0.6593,
      "angle_deg": 27.4,
      "pair_score": 1.7034
    },
    {
      "training_frame": "frame_00205.png",
      "closeup_frame": "frame_00347.png",
      "depth_ratio": 2.0072,
      "iou": 0.6777,
      "angle_deg": 10.0,
      "pair_score": 1.7254
    },
    {
      "training_frame": "frame_00203.png",
      "closeup_frame": "frame_00339.png",
      "depth_ratio": 2.0105,
      "iou": 0.6915,
      "angle_deg": 28.8,
      "pair_score": 1.6695
    },
    {
      "training_frame": "frame_00204.png",
      "closeup_frame": "frame_00348.png",
      "depth_ratio": 2.2422,
      "iou": 0.6522,
      "angle_deg": 13.4,
      "pair_score": 1.8842
    }
  ],
  "closeup_poses": {
    "frame_00347.png": [
      [
        -0.1955266660862065,
        -0.9780370078148247,
        -0.07220065230894988,
        0.2156167229599166
      ],
      [
        0.9140528038722164,
        -0.15506796331657613,
        -0.37478180116727705,
        -1.6297206246378306
      ],
      [
        0.3553544632934171,
        -0.1392750447764199,
        0.9242973911680015,
        -0.8520782207924712
      ],
      [
        0.0,
        0.0,
        0.0,
        1.0
      ]
    ],
    "frame_00340.png": [
      [
        -0.07603458024610231,
        -0.8844596833052353,
        0.46038007256439983,
        0.7221049522438935
      ],
      [
        0.7190070267533252,
        -0.3685283167618641,
        -0.5892501805040115,
        -1.811050355464892
      ],
      [
        0.6908311212489938,
        0.28621311701644675,
        0.6639536230502756,
        -0.920631072042696
      ],
      [
        0.0,
        0.0,
        0.0,
        1.0
      ]
    ],
    "frame_00341.png": [
      [
        -0.09899269786144005,
        -0.8816610558829434,
        0.46138295190599216,
        0.7000879150089524
      ],
      [
        0.6924521197056239,
        -0.39401982954401116,
        -0.6043661438575929,
        -1.7800191365425184
      ],
      [
        0.7146401245978998,
        0.259657767966764,
        0.649513152945509,
        -0.9210186383884753
      ],
      [
        0.0,
        0.0,
        0.0,
        1.0
      ]
    ],
    "frame_00348.png": [
      [
        -0.19463402510989744,
        -0.9633065694077138,
        -0.18481896440966586,
        0.14629107430156543
      ],
      [
        0.9227931437652955,
        -0.11595288191243233,
        -0.3674339981492787,
        -1.6430798602703778
      ],
      [
        0.33252129268556996,
        -0.2420648312170585,
        0.9115010737232154,
        -0.9100195319954694
      ],
      [
        0.0,
        0.0,
        0.0,
        1.0
      ]
    ],
    "frame_00339.png": [
      [
        -0.06079135407971776,
        -0.8870419558942566,
        0.45766907231366005,
        0.716142483324885
      ],
      [
        0.7693840381335375,
        -0.33374796507809024,
        -0.5446654915372966,
        -1.7887361553661039
      ],
      [
        0.6358872644852115,
        0.3190123262344665,
        0.7027649127382416,
        -0.9026283561316419
      ],
      [
        0.0,
        0.0,
        0.0,
        1.0
      ]
    ],
    "frame_00298.png": [
      [
        -0.30270259507318736,
        -0.8904508530944213,
        -0.33980644072674004,
        0.09921747564285172
      ],
      [
        0.6505070628680826,
        -0.4536012440481239,
        0.6091686733218762,
        -0.7391377451870165
      ],
      [
        -0.6965713890870758,
        -0.03664955144898622,
        0.7165508427766235,
        -0.32427963822728567
      ],
      [
        0.0,
        0.0,
        0.0,
        1.0
      ]
    ],
    "frame_00342.png": [
      [
        -0.10809239045351463,
        -0.8903200934564581,
        0.4423190774924011,
        0.6783460802846059
      ],
      [
        0.6883910870422583,
        -0.3880314177211957,
        -0.6128207977394835,
        -1.7010926753595337
      ],
      [
        0.717240368639986,
        0.23824724562723223,
        0.6548316604626067,
        -0.9300953654751846
      ],
      [
        0.0,
        0.0,
        0.0,
        1.0
      ]
    ]
  }
}