{
  "scene": "1ba74c22670ad047981441581d00f26f4a148d1010bcac7468c615adf5fa4d5d",
  "data_factor": 4,
  "intrinsics": {
    "w": 960,
    "h": 540,
    "fl_x": 407.555638861634,
    "fl_y": 410.7819436554573,
    "cx": 480.0,
    "cy": 270.0,
    "k1": 0.004356837659690238,
    "k2": -0.0005502063624245968,
    "p1": 0.00025472329637198446,
    "p2": 0.00044617585911039094,
    "camera_model": "OPENCV"
  },
  "num_training_frames": 16,
  "num_closeup_pairs": 7,
  "training_frames": [
    "frame_00002.png",
    "frame_00266.png",
    "frame_00005.png",
    "frame_00264.png",
    "frame_00003.png",
    "frame_00001.png",
    "frame_00004.png",
    "frame_00343.png",
    "frame_00235.png",
    "frame_00041.png",
    "frame_00020.png",
    "frame_00249.png",
    "frame_00216.png",
    "frame_00225.png",
    "frame_00029.png",
    "frame_00012.png"
  ],
  "closeup_eval_pairs": [
    {
      "training_frame": "frame_00002.png",
      "closeup_frame": "frame_00163.png",
      "depth_ratio": 2.1889,
      "iou": 0.6524,
      "angle_deg": 57.7,
      "pair_score": 1.3583
    },
    {
      "training_frame": "frame_00266.png",
      "closeup_frame": "frame_00296.png",
      "depth_ratio": 2.3046,
      "iou": 0.6652,
      "angle_deg": 9.9,
      "pair_score": 2.0111
    },
    {
      "training_frame": "frame_00005.png",
      "closeup_frame": "frame_00176.png",
      "depth_ratio": 2.0405,
      "iou": 0.655,
      "angle_deg": 36.7,
      "pair_score": 1.4757
    },
    {
      "training_frame": "frame_00264.png",
      "closeup_frame": "frame_00295.png",
      "depth_ratio": 2.2377,
      "iou": 0.6518,
      "angle_deg": 14.5,
      "pair_score": 1.873
    },
    {
      "training_frame": "frame_00003.png",
      "closeup_frame": "frame_00177.png",
      "depth_ratio": 2.044,
      "iou": 0.6602,
      "angle_deg": 34.5,
      "pair_score": 1.5083
    },
    {
      "training_frame": "frame_00001.png",
      "closeup_frame": "frame_00179.png",
      "depth_ratio": 2.0055,
      "iou": 0.6504,
      "angle_deg": 32.9,
      "pair_score": 1.4645
    },
    {
      "training_frame": "frame_00004.png",
      "closeup_frame": "frame_00178.png",
      "depth_ratio": 2.0219,
      "iou": 0.6677,
      "angle_deg": 33.9,
      "pair_score": 1.5116
    }
  ],
  "closeup_poses": {
    "frame_00296.png": [
      [
        -0.020530654070556327,
        -0.9857877356139677,
        0.16673641640781758,
        -0.5658883733987773
      ],
      [
        0.08613527135798583,
        0.16440747591720725,
        0.98262449434696,
        -1.4259452711098033
      ],
      [
        -0.9960718886061994,
        0.03453581004723823,
        0.08153570109381394,
        -2.4551972980349897
      ],
      [
        0.0,
        0.0,
        0.0,
        1.0
      ]
    ],
    "frame_00178.png": [
      [
        0.07407086059220162,
        -0.9909883237366047,
        0.11160488263890958,
        0.7273230772494417
      ],
      [
        0.8186634528421898,
        -0.0034828371195669886,
        -0.5742630240805185,
        -1.300473533001877
      ],
      [
        0.5694766532454462,
        0.1339029949751413,
        0.8110279460937541,
        -0.769110936248192
      ],
      [
        0.0,
        0.0,
        0.0,
        1.0
      ]
    ],
    "frame_00295.png": [
      [
        -0.022357765305718882,
        -0.9872945806342646,
        0.15731986963109917,
        -0.5095247538658485
      ],
      [
        0.06789426077264636,
        0.15549649236077845,
        0.9855004871727004,
        -1.2800108826784287
      ],
      [
        -0.9974419781043259,
        0.03271470485433144,
        0.0635550816349385,
        -2.3881355912203346
      ],
      [
        0.0,
        0.0,
        0.0,
        1.0
      ]
    ],
    "frame_00176.png": [
      [
        0.07522867045821574,
        -0.9893122689233917,
        0.12490749256445766,
        0.7151202329615217
      ],
      [
        0.8009631819360687,
        -0.014662700779357843,
        -0.5985340311032472,
        -1.4488008880712198
      ],
      [
        0.5939685415271899,
        0.14507322207597748,
        0.791299647360314,
        -0.9984332771446436
      ],
      [
        0.0,
        0.0,
        0.0,
        1.0
      ]
    ],
    "frame_00177.png": [
      [
        0.0739379266842168,
        -0.9904202623057276,
        0.11662284086701591,
        0.720172532797256
      ],
      [
        0.8104100872429315,
        -0.008479040286858386,
        -0.5858016698258192,
        -1.363626486996226
      ],
      [
        0.5811786932541003,
        0.1378252875566301,
        0.8020196485232695,
        -0.8869950345029204
      ],
      [
        0.0,
        0.0,
        0.0,
        1.0
      ]
    ],
    "frame_00163.png": [
      [
        0.07684127256923563,
        -0.9947534914168941,
        0.06753451076183083,
        0.3263013558268192
      ],
      [
        0.5037537252106271,
        -0.01971868178203328,
        -0.863622231027661,
        -1.9761997984541775
      ],
      [
        0.8604229211070312,
        0.10038259262779736,
        0.4995955683660187,
        -2.62309524737695
      ],
      [
        0.0,
        0.0,
        0.0,
        1.0
      ]
    ],
    "frame_00179.png": [
      [
        0.07153452043871128,
        -0.9907907346458491,
        0.1149631789989402,
        0.7315868325551019
      ],
      [
        0.8260883656659086,
        -0.005742101534652999,
        -0.5635113489375291,
        -1.2408440467758057
      ],
      [
        0.5589819536416464,
        0.13528025875900926,
        0.8180699402209226,
        -0.6195373613414162
      ],
      [
        0.0,
        0.0,
        0.0,
        1.0
      ]
    ]
  }
}