{
  "scene": "26fd23358fa11fff0fb3180ef0b65591b486e20dcf753ce4a7aae49a37e370c7",
  "data_factor": 4,
  "intrinsics": {
    "w": 960,
    "h": 540,
    "fl_x": 419.8987434342069,
    "fl_y": 420.369620466543,
    "cx": 480.0,
    "cy": 270.0,
    "k1": -0.0006827695364320386,
    "k2": -0.00017969030218759562,
    "p1": 0.00022292569856289458,
    "p2": -0.000510787309626428,
    "camera_model": "OPENCV"
  },
  "num_training_frames": 16,
  "num_closeup_pairs": 8,
  "training_frames": [
    "frame_00307.png",
    "frame_00293.png",
    "frame_00296.png",
    "frame_00298.png",
    "frame_00295.png",
    "frame_00301.png",
    "frame_00294.png",
    "frame_00297.png",
    "frame_00137.png",
    "frame_00162.png",
    "frame_00277.png",
    "frame_00007.png",
    "frame_00120.png",
    "frame_00284.png",
    "frame_00153.png",
    "frame_00158.png"
  ],
  "closeup_eval_pairs": [
    {
      "training_frame": "frame_00307.png",
      "closeup_frame": "frame_00213.png",
      "depth_ratio": 2.0955,
      "iou": 0.7718,
      "angle_deg": 37.9,
      "pair_score": 1.8441
    },
    {
      "training_frame": "frame_00293.png",
      "closeup_frame": "frame_00066.png",
      "depth_ratio": 2.0275,
      "iou": 0.7394,
      "angle_deg": 44.1,
      "pair_score": 1.6431
    },
    {
      "training_frame": "frame_00296.png",
      "closeup_frame": "frame_00063.png",
      "depth_ratio": 2.1008,
      "iou": 0.7269,
      "angle_deg": 43.2,
      "pair_score": 1.6905
    },
    {
      "training_frame": "frame_00298.png",
      "closeup_frame": "frame_00061.png",
      "depth_ratio": 2.1312,
      "iou": 0.7284,
      "angle_deg": 41.4,
      "pair_score": 1.7416
    },
    {
      "training_frame": "frame_00295.png",
      "closeup_frame": "frame_00064.png",
      "depth_ratio": 2.0764,
      "iou": 0.7297,
      "angle_deg": 43.7,
      "pair_score": 1.6696
    },
    {
      "training_frame": "frame_00301.png",
      "closeup_frame": "frame_00210.png",
      "depth_ratio": 2.0416,
      "iou": 0.7869,
      "angle_deg": 40.7,
      "pair_score": 1.7945
    },
    {
      "training_frame": "frame_00294.png",
      "closeup_frame": "frame_00065.png",
      "depth_ratio": 2.054,
      "iou": 0.7346,
      "angle_deg": 43.9,
      "pair_score": 1.6592
    },
    {
      "training_frame": "frame_00297.png",
      "closeup_frame": "frame_00062.png",
      "depth_ratio": 2.1163,
      "iou": 0.7269,
      "angle_deg": 42.5,
      "pair_score": 1.7117
    }
  ],
  "closeup_poses": {
    "frame_00064.png": [
      [
        0.017222374503893238,
        -0.9962139817320272,
        -0.08521204385571365,
        -0.22286818186419466
      ],
      [
        0.8216169915629254,
        0.06266730335745166,
        -0.5665847935349068,
        0.34539803403630664
      ],
      [
        0.5697797021582425,
        -0.06025372761519031,
        0.8195856143911622,
        -0.09134820594191799
      ],
      [
        0.0,
        0.0,
        0.0,
        1.0
      ]
    ],
    "frame_00213.png": [
      [
        0.010054553132540455,
        -0.9989969271748803,
        -0.043635369328693205,
        0.22187574341261912
      ],
      [
        0.7453926782052019,
        0.036575917804052956,
        -0.6656214821614965,
        0.3473585032424638
      ],
      [
        0.6665498190228404,
        -0.025832958249834656,
        0.7450127495745837,
        0.2960076070823401
      ],
      [
        0.0,
        0.0,
        0.0,
        1.0
      ]
    ],
    "frame_00066.png": [
      [
        0.017060757684233648,
        -0.9973090520187682,
        -0.07129926583539273,
        -0.2172712243075335
      ],
      [
        0.8295377482500043,
        0.0539286915866025,
        -0.5558406430372554,
        0.44946790085316707
      ],
      [
        0.5581899808985757,
        -0.049662369911062924,
        0.8282255696603822,
        0.025268510082734674
      ],
      [
        0.0,
        0.0,
        0.0,
        1.0
      ]
    ],
    "frame_00062.png": [
      [
        0.014576132207124908,
        -0.9953661805563705,
        -0.09504579409160223,
        -0.21662874763246315
      ],
      [
        0.8052964486596152,
        0.06803116015889475,
        -0.5889561876945061,
        0.19873774018076928
      ],
      [
        0.5926931467007965,
        -0.06795533718596092,
        0.8025564815026107,
        -0.1898763071365817
      ],
      [
        0.0,
        0.0,
        0.0,
        1.0
      ]
    ],
    "frame_00210.png": [
      [
        0.004409163606201984,
        -0.9989067507564962,
        -0.046538828620768254,
        0.2214001330973728
      ],
      [
        0.7852733741089974,
        0.03227298864087582,
        -0.6183075142028086,
        0.4542848079803716
      ],
      [
        0.6191334970680913,
        -0.03381948398904682,
        0.7845571714737878,
        0.36155223526362334
      ],
      [
        0.0,
        0.0,
        0.0,
        1.0
      ]
    ],
    "frame_00065.png": [
      [
        0.01741352909056023,
        -0.9967107062055487,
        -0.07914882904913134,
        -0.22342715610287395
      ],
      [
        0.8255513090969009,
        0.058990920222814054,
        -0.5612353404585804,
        0.3953439530966438
      ],
      [
        0.5640583347961498,
        -0.05556833150727123,
        0.823863068404266,
        -0.041546948373557754
      ],
      [
        0.0,
        0.0,
        0.0,
        1.0
      ]
    ],
    "frame_00061.png": [
      [
        0.012137601414268206,
        -0.9951421970384449,
        -0.09769691041893397,
        -0.2298373288751151
      ],
      [
        0.7921272489995774,
        0.06919611514714356,
        -0.6064209091389451,
        0.117162640998107
      ],
      [
        0.6102352825134497,
        -0.07002788960150165,
        0.7891191257685305,
        -0.24233282067578227
      ],
      [
        0.0,
        0.0,
        0.0,
        1.0
      ]
    ],
    "frame_00063.png": [
      [
        0.016335911330330237,
        -0.9956611888578757,
        -0.09160750516813009,
        -0.21408475294509943
      ],
      [
        0.8144341480260607,
        0.06639925211186225,
        -0.5764444100241151,
        0.27187577568871946
      ],
      [
        0.5800259964260845,
        -0.0651915356553805,
        0.8119851643649781,
        -0.14838908638468387
      ],
      [
        0.0,
        0.0,
        0.0,
        1.0
      ]
    ]
  }
}