{
  "scene": "280abf7bd93b81b077af1db638229dbb09869052fa0b7b57c81c94d2db893829",
  "data_factor": 4,
  "intrinsics": {
    "w": 960,
    "h": 540,
    "fl_x": 420.87970812789575,
    "fl_y": 421.86963749581435,
    "cx": 480.0,
    "cy": 270.0,
    "k1": -0.00025732368657145746,
    "k2": -5.323883347065996e-05,
    "p1": 7.71376399055259e-05,
    "p2": -0.000302873727316678,
    "camera_model": "OPENCV"
  },
  "num_training_frames": 16,
  "num_closeup_pairs": 8,
  "training_frames": [
    "frame_00191.png",
    "frame_00295.png",
    "frame_00177.png",
    "frame_00146.png",
    "frame_00185.png",
    "frame_00188.png",
    "frame_00193.png",
    "frame_00179.png",
    "frame_00321.png",
    "frame_00127.png",
    "frame_00201.png",
    "frame_00309.png",
    "frame_00158.png",
    "frame_00138.png",
    "frame_00197.png",
    "frame_00290.png"
  ],
  "closeup_eval_pairs": [
    {
      "training_frame": "frame_00191.png",
      "closeup_frame": "frame_00098.png",
      "depth_ratio": 2.1899,
      "iou": 0.6502,
      "angle_deg": 17.8,
      "pair_score": 1.8439
    },
    {
      "training_frame": "frame_00295.png",
      "closeup_frame": "frame_00062.png",
      "depth_ratio": 2.0163,
      "iou": 0.6724,
      "angle_deg": 16.4,
      "pair_score": 1.8235
    },
    {
      "training_frame": "frame_00177.png",
      "closeup_frame": "frame_00106.png",
      "depth_ratio": 2.0091,
      "iou": 0.6967,
      "angle_deg": 27.9,
      "pair_score": 1.7023
    },
    {
      "training_frame": "frame_00146.png",
      "closeup_frame": "frame_00095.png",
      "depth_ratio": 2.0672,
      "iou": 0.6506,
      "angle_deg": 12.6,
      "pair_score": 1.7683
    },
    {
      "training_frame": "frame_00185.png",
      "closeup_frame": "frame_00103.png",
      "depth_ratio": 2.0866,
      "iou": 0.6873,
      "angle_deg": 25.8,
      "pair_score": 1.7775
    },
    {
      "training_frame": "frame_00188.png",
      "closeup_frame": "frame_00104.png",
      "depth_ratio": 2.0154,
      "iou": 0.6945,
      "angle_deg": 22.1,
      "pair_score": 1.7531
    },
    {
      "training_frame": "frame_00193.png",
      "closeup_frame": "frame_00097.png",
      "depth_ratio": 2.1512,
      "iou": 0.651,
      "angle_deg": 13.5,
      "pair_score": 1.8332
    },
    {
      "training_frame": "frame_00179.png",
      "closeup_frame": "frame_00101.png",
      "depth_ratio": 2.2001,
      "iou": 0.6682,
      "angle_deg": 27.7,
      "pair_score": 1.8218
    }
  ],
  "closeup_poses": {
    "frame_00106.png": [
      [
        0.002887225768194815,
        -0.9999421627683666,
        -0.010360262809656367,
        0.08255709044323756
      ],
      [
        0.9973938607775817,
        0.0036264493782954296,
        -0.07205786111241962,
        -0.8336044757380967
      ],
      [
        0.0720912644538405,
        -0.010125215208988778,
        0.997346644655918,
        1.1889925698438115
      ],
      [
        0.0,
        0.0,
        0.0,
        1.0
      ]
    ],
    "frame_00103.png": [
      [
        0.009389148617553519,
        -0.9999520755471053,
        -0.002773174584082694,
        0.021736967897675517
      ],
      [
        0.9961873342832771,
        0.009594274632899887,
        -0.08671069661723665,
        -0.744240846365412
      ],
      [
        0.0867331476531058,
        -0.0019484617791486454,
        0.996229674620707,
        1.0220963674835715
      ],
      [
        0.0,
        0.0,
        0.0,
        1.0
      ]
    ],
    "frame_00095.png": [
      [
        0.0038816657998165683,
        -0.9999764746984835,
        0.005655326711298366,
        -0.11676095376564313
      ],
      [
        0.9994039471183531,
        0.003685322757703975,
        -0.03432446475077602,
        -0.5880004771359316
      ],
      [
        0.03430281555316197,
        0.005785191938435539,
        0.9993947410304704,
        0.6471620141509653
      ],
      [
        0.0,
        0.0,
        0.0,
        1.0
      ]
    ],
    "frame_00062.png": [
      [
        -0.15954488359506616,
        -0.9097421969836758,
        -0.3832943583539309,
        -0.4764235577384214
      ],
      [
        0.18887173826967196,
        -0.40922519340777785,
        0.8926713883413978,
        0.4756941612852635
      ],
      [
        -0.9689545379436688,
        0.07002768101030908,
        0.23711437596798965,
        -0.6635899967915544
      ],
      [
        0.0,
        0.0,
        0.0,
        1.0
      ]
    ],
    "frame_00098.png": [
      [
        0.008165865404985975,
        -0.9999605211608819,
        0.0035035356206654243,
        -0.08571201270071402
      ],
      [
        0.9980258253804434,
        0.007931780435250323,
        -0.0623019962185162,
        -0.6184336180390553
      ],
      [
        0.062271747332740546,
        0.004005368745146742,
        0.9980511943309033,
        0.7271767767845735
      ],
      [
        0.0,
        0.0,
        0.0,
        1.0
      ]
    ],
    "frame_00101.png": [
      [
        0.009638554007522145,
        -0.9999521508541663,
        0.0016716096345639054,
        -0.031337278308879425
      ],
      [
        0.9966686178941538,
        0.009471487248477635,
        -0.08100590740346832,
        -0.6930156059096223
      ],
      [
        0.08098619871065338,
        0.0024468206775760267,
        0.9967122195934844,
        0.9035147823334655
      ],
      [
        0.0,
        0.0,
        0.0,
        1.0
      ]
    ],
    "frame_00097.png": [
      [
        0.007369253418948784,
        -0.999961707342119,
        0.004719952699071252,
        -0.09335153904575749
      ],
      [
        0.9983858621403231,
        0.007091658299814555,
        -0.056350498319732864,
        -0.6057601151691187
      ],
      [
        0.05631486821764619,
        0.005127595147125957,
        0.9983998915192431,
        0.7187556822655038
      ],
      [
        0.0,
        0.0,
        0.0,
        1.0
      ]
    ],
    "frame_00104.png": [
      [
        0.00829737702385864,
        -0.9999511555061786,
        -0.00537030133066156,
        0.05257081556316312
      ],
      [
        0.996320877012707,
        0.008725126432796024,
        -0.08525598041992205,
        -0.7644815048914005
      ],
      [
        0.08529867269280546,
        -0.00464314231850443,
        0.9963446078873792,
        1.0703846258374932
      ],
      [
        0.0,
        0.0,
        0.0,
        1.0
      ]
    ]
  }
}