{
  "scene": "286239bd0d4436b747987c40f8cbfc0675bb69435d4ab19a3f73b9d816d0c09a",
  "data_factor": 4,
  "intrinsics": {
    "w": 960,
    "h": 540,
    "fl_x": 475.3785532612322,
    "fl_y": 474.08402067432655,
    "cx": 480.0,
    "cy": 270.0,
    "k1": 0.048379333218735596,
    "k2": -0.04405828571253811,
    "p1": 7.532213648471109e-05,
    "p2": 0.0021586498971851555,
    "camera_model": "OPENCV"
  },
  "num_training_frames": 16,
  "num_closeup_pairs": 8,
  "training_frames": [
    "frame_00016.png",
    "frame_00001.png",
    "frame_00317.png",
    "frame_00007.png",
    "frame_00015.png",
    "frame_00017.png",
    "frame_00005.png",
    "frame_00006.png",
    "frame_00147.png",
    "frame_00058.png",
    "frame_00191.png",
    "frame_00109.png",
    "frame_00334.png",
    "frame_00067.png",
    "frame_00163.png",
    "frame_00021.png"
  ],
  "closeup_eval_pairs": [
    {
      "training_frame": "frame_00016.png",
      "closeup_frame": "frame_00354.png",
      "depth_ratio": 2.4525,
      "iou": 0.6733,
      "angle_deg": 43.4,
      "pair_score": 1.9783
    },
    {
      "training_frame": "frame_00001.png",
      "closeup_frame": "frame_00351.png",
      "depth_ratio": 2.3404,
      "iou": 0.6756,
      "angle_deg": 36.1,
      "pair_score": 1.9226
    },
    {
      "training_frame": "frame_00317.png",
      "closeup_frame": "frame_00358.png",
      "depth_ratio": 2.0171,
      "iou": 0.7653,
      "angle_deg": 59.6,
      "pair_score": 1.5602
    },
    {
      "training_frame": "frame_00007.png",
      "closeup_frame": "frame_00348.png",
      "depth_ratio": 2.026,
      "iou": 0.728,
      "angle_deg": 28.1,
      "pair_score": 1.8136
    },
    {
      "training_frame": "frame_00015.png",
      "closeup_frame": "frame_00353.png",
      "depth_ratio": 2.3239,
      "iou": 0.6608,
      "angle_deg": 39.7,
      "pair_score": 1.8568
    },
    {
      "training_frame": "frame_00017.png",
      "closeup_frame": "frame_00357.png",
      "depth_ratio": 2.2864,
      "iou": 0.7327,
      "angle_deg": 57.7,
      "pair_score": 1.7612
    },
    {
      "training_frame": "frame_00005.png",
      "closeup_frame": "frame_00352.png",
      "depth_ratio": 2.4263,
      "iou": 0.6575,
      "angle_deg": 40.0,
      "pair_score": 1.9088
    },
    {
      "training_frame": "frame_00006.png",
      "closeup_frame": "frame_00349.png",
      "depth_ratio": 2.1584,
      "iou": 0.7141,
      "angle_deg": 30.8,
      "pair_score": 1.8946
    }
  ],
  "closeup_poses": {
    "frame_00354.png": [
      [
        0.1913853856441901,
        -0.979898716038646,
        -0.056304000458558615,
        -0.1377061588557588
      ],
      [
        0.6436993470850046,
        0.08200285519087834,
        0.7608723166884721,
        1.570849258229893
      ],
      [
        -0.7409607173961136,
        -0.18186269008885958,
        0.6464543117881417,
        -0.4357292383110694
      ],
      [
        0.0,
        0.0,
        0.0,
        1.0
      ]
    ],
    "frame_00351.png": [
      [
        0.18244862853851657,
        -0.9825069557650434,
        -0.03731728577644977,
        -0.04075422648432242
      ],
      [
        0.46555059914092173,
        0.05289684755689152,
        0.8834390545804909,
        1.8836235546141835
      ],
      [
        -0.8660110493428727,
        -0.17855532865711346,
        0.4670576592073049,
        -0.7956640671220894
      ],
      [
        0.0,
        0.0,
        0.0,
        1.0
      ]
    ],
    "frame_00353.png": [
      [
        0.19355968944773405,
        -0.9799514503760928,
        -0.047220774312677016,
        -0.1092092786761863
      ],
      [
        0.5820072377363779,
        0.07594438007931885,
        0.8096295611925489,
        1.6662766691277553
      ],
      [
        -0.7898115103259561,
        -0.18419447885362902,
        0.5850386073726007,
        -0.5819405538245966
      ],
      [
        0.0,
        0.0,
        0.0,
        1.0
      ]
    ],
    "frame_00349.png": [
      [
        0.19335746690072655,
        -0.9804959310114163,
        -0.03522242558073338,
        0.021398105599846985
      ],
      [
        0.35329583676216453,
        0.03608982547052343,
        0.9348152631531157,
        2.148229448628149
      ],
      [
        -0.9153113905771392,
        -0.19319744762176083,
        0.35338336762244565,
        -0.9791760345941878
      ],
      [
        0.0,
        0.0,
        0.0,
        1.0
      ]
    ],
    "frame_00358.png": [
      [
        0.17575799871401734,
        -0.9763749772356184,
        -0.125702146824107,
        -0.2661330811576972
      ],
      [
        0.8777244948174494,
        0.09760364257203495,
        0.46911964375212795,
        1.2107439710293324
      ],
      [
        -0.44576769408010763,
        -0.19278338306196494,
        0.874142854532191,
        0.08190534984135243
      ],
      [
        0.0,
        0.0,
        0.0,
        1.0
      ]
    ],
    "frame_00357.png": [
      [
        0.1829789718491463,
        -0.9779184356833003,
        -0.10096647469212687,
        -0.24619514302257217
      ],
      [
        0.8216017823518662,
        0.09570912748172652,
        0.5619699939969423,
        1.3179466675654499
      ],
      [
        -0.5398974042327542,
        -0.18578292727646747,
        0.8209722874953337,
        -0.06533348514777201
      ],
      [
        0.0,
        0.0,
        0.0,
        1.0
      ]
    ],
    "frame_00348.png": [
      [
        0.1952361655493078,
        -0.9803397041324793,
        -0.028581535351447113,
        0.04505178034539855
      ],
      [
        0.29610250904868884,
        0.03113675573645407,
        0.9546485251532519,
        2.305900155623091
      ],
      [
        -0.9349899164144361,
        -0.19484498182825016,
        0.2963600669113071,
        -1.0750351575315356
      ],
      [
        0.0,
        0.0,
        0.0,
        1.0
      ]
    ],
    "frame_00352.png": [
      [
        0.18281788147238504,
        -0.9822313577371395,
        -0.04241676663542876,
        -0.069601980740999
      ],
      [
        0.5175054287149254,
        0.05945829327466273,
        0.8536116462487174,
        1.788536276239399
      ],
      [
        -0.8359220977247402,
        -0.178006379769714,
        0.5191800990954393,
        -0.7089578342920342
      ],
      [
        0.0,
        0.0,
        0.0,
        1.0
      ]
    ]
  }
}