{
  "scene": "2b65ba886efac7af6253fce68ae9284bf4d4db019e17c47f3e853361acbdb066",
  "data_factor": 4,
  "intrinsics": {
    "w": 960,
    "h": 540,
    "fl_x": 420.1351611483162,
    "fl_y": 420.526808841318,
    "cx": 480.0,
    "cy": 270.0,
    "k1": -0.0007458214893256184,
    "k2": -0.00018339762037956114,
    "p1": 0.00019354181832481176,
    "p2": -3.0140876772355892e-05,
    "camera_model": "OPENCV"
  },
  "num_training_frames": 16,
  "num_closeup_pairs": 8,
  "training_frames": [
    "frame_00120.png",
    "frame_00026.png",
    "frame_00037.png",
    "frame_00106.png",
    "frame_00031.png",
    "frame_00115.png",
    "frame_00034.png",
    "frame_00118.png",
    "frame_00201.png",
    "frame_00184.png",
    "frame_00006.png",
    "frame_00017.png",
    "frame_00089.png",
    "frame_00190.png",
    "frame_00208.png",
    "frame_00012.png"
  ],
  "closeup_eval_pairs": [
    {
      "training_frame": "frame_00120.png",
      "closeup_frame": "frame_00134.png",
      "depth_ratio": 2.3868,
      "iou": 0.6506,
      "angle_deg": 41.3,
      "pair_score": 1.882
    },
    {
      "training_frame": "frame_00026.png",
      "closeup_frame": "frame_00056.png",
      "depth_ratio": 2.044,
      "iou": 0.7362,
      "angle_deg": 44.6,
      "pair_score": 1.6927
    },
    {
      "training_frame": "frame_00037.png",
      "closeup_frame": "frame_00058.png",
      "depth_ratio": 2.006,
      "iou": 0.7456,
      "angle_deg": 33.4,
      "pair_score": 1.8428
    },
    {
      "training_frame": "frame_00106.png",
      "closeup_frame": "frame_00070.png",
      "depth_ratio": 2.0255,
      "iou": 0.6548,
      "angle_deg": 31.8,
      "pair_score": 1.5862
    },
    {
      "training_frame": "frame_00031.png",
      "closeup_frame": "frame_00272.png",
      "depth_ratio": 2.1175,
      "iou": 0.805,
      "angle_deg": 25.3,
      "pair_score": 2.1506
    },
    {
      "training_frame": "frame_00115.png",
      "closeup_frame": "frame_00133.png",
      "depth_ratio": 2.3248,
      "iou": 0.7259,
      "angle_deg": 43.1,
      "pair_score": 1.9521
    },
    {
      "training_frame": "frame_00034.png",
      "closeup_frame": "frame_00059.png",
      "depth_ratio": 2.2808,
      "iou": 0.7058,
      "angle_deg": 40.4,
      "pair_score": 1.9343
    },
    {
      "training_frame": "frame_00118.png",
      "closeup_frame": "frame_00066.png",
      "depth_ratio": 2.2019,
      "iou": 0.6708,
      "angle_deg": 41.3,
      "pair_score": 1.7343
    }
  ],
  "closeup_poses": {
    "frame_00272.png": [
      [
        0.2815623426960283,
        -0.9199231089973394,
        -0.2728811475866245,
        -0.26063092698550133
      ],
      [
        0.3237271408400334,
        0.35878318074345106,
        -0.8754857894330147,
        -0.7387156694415341
      ],
      [
        0.9032847753942613,
        0.15816479617247642,
        0.39882391075844176,
        0.3940567199309918
      ],
      [
        0.0,
        0.0,
        0.0,
        1.0
      ]
    ],
    "frame_00133.png": [
      [
        0.17107048770282984,
        -0.970342050542537,
        -0.17079576454356396,
        -0.5446266120607667
      ],
      [
        -0.6296897649177894,
        0.025649153047651446,
        -0.7764231584037902,
        0.01952868507715238
      ],
      [
        0.7577768063189154,
        0.2403714331962989,
        -0.6066266445749495,
        -3.3151541235605486
      ],
      [
        0.0,
        0.0,
        0.0,
        1.0
      ]
    ],
    "frame_00058.png": [
      [
        0.24535354572794651,
        -0.9386169444361786,
        -0.24248684338746374,
        -0.8115054434736322
      ],
      [
        0.05816557089581593,
        0.2639349773112673,
        -0.9627850716094762,
        -0.8935972523228743
      ],
      [
        0.967687141570605,
        0.22211834541296382,
        0.11935257295056126,
        -0.8046119096638822
      ],
      [
        0.0,
        0.0,
        0.0,
        1.0
      ]
    ],
    "frame_00056.png": [
      [
        0.2410387034425501,
        -0.9441587105621083,
        -0.2246434346078948,
        -0.7486596710175789
      ],
      [
        0.17907135541679725,
        0.27076054498398605,
        -0.9458446896553184,
        -1.0736961006062677
      ],
      [
        0.9538520813584911,
        0.18775797333181876,
        0.23433555073527057,
        -0.5709497402702417
      ],
      [
        0.0,
        0.0,
        0.0,
        1.0
      ]
    ],
    "frame_00066.png": [
      [
        0.22969917597914835,
        -0.8663136906372899,
        -0.44355256505728613,
        -1.0249554613554335
      ],
      [
        -0.6177843542009123,
        0.22237309639739308,
        -0.7542497581724487,
        -0.5310023162030588
      ],
      [
        0.7520510489714524,
        0.44727038289275706,
        -0.4841161269033542,
        -1.7551766914249491
      ],
      [
        0.0,
        0.0,
        0.0,
        1.0
      ]
    ],
    "frame_00070.png": [
      [
        0.17041349444243512,
        -0.846552054630293,
        -0.5042904517370398,
        -1.194673311380762
      ],
      [
        -0.8079121479596534,
        0.1729530705260252,
        -0.5633517520828693,
        -0.24223125665676248
      ],
      [
        0.5641251652702057,
        0.5034251227311258,
        -0.6544661516931292,
        -2.261412014172257
      ],
      [
        0.0,
        0.0,
        0.0,
        1.0
      ]
    ],
    "frame_00134.png": [
      [
        0.1848242067562405,
        -0.9723507391924506,
        -0.14273770556100826,
        -0.4638393446292811
      ],
      [
        -0.5366153273229401,
        0.021829690196995145,
        -0.8435445780206268,
        0.017405474660898076
      ],
      [
        0.8233371138719668,
        0.2325026980871358,
        -0.5177436550100657,
        -3.1213610940771073
      ],
      [
        0.0,
        0.0,
        0.0,
        1.0
      ]
    ],
    "frame_00059.png": [
      [
        0.2494393867212376,
        -0.9336461233000549,
        -0.25706985198368143,
        -0.8474151249103601
      ],
      [
        -0.013832401923485931,
        0.2619987447236367,
        -0.9649690784788211,
        -0.8119238253293575
      ],
      [
        0.9682916177521932,
        0.24425718865576437,
        0.052438237773807204,
        -0.8999016348778606
      ],
      [
        0.0,
        0.0,
        0.0,
        1.0
      ]
    ]
  }
}