{
  "scene": "2f3e1c0f688c84cec67f9a1ea219c54c14ffabf31a046e620dacc690cac2f1bd",
  "data_factor": 4,
  "intrinsics": {
    "w": 960,
    "h": 540,
    "fl_x": 482.7369752420534,
    "fl_y": 481.1783464000515,
    "cx": 480.0,
    "cy": 270.0,
    "k1": 0.04053201964530656,
    "k2": -0.03751493888830835,
    "p1": 0.0007362578993753548,
    "p2": 0.002196915667972901,
    "camera_model": "OPENCV"
  },
  "num_training_frames": 16,
  "num_closeup_pairs": 8,
  "training_frames": [
    "frame_00129.png",
    "frame_00142.png",
    "frame_00227.png",
    "frame_00136.png",
    "frame_00125.png",
    "frame_00133.png",
    "frame_00230.png",
    "frame_00127.png",
    "frame_00004.png",
    "frame_00027.png",
    "frame_00211.png",
    "frame_00155.png",
    "frame_00217.png",
    "frame_00148.png",
    "frame_00222.png",
    "frame_00061.png"
  ],
  "closeup_eval_pairs": [
    {
      "training_frame": "frame_00129.png",
      "closeup_frame": "frame_00345.png",
      "depth_ratio": 2.2373,
      "iou": 0.8418,
      "angle_deg": 35.5,
      "pair_score": 2.2234
    },
    {
      "training_frame": "frame_00142.png",
      "closeup_frame": "frame_00287.png",
      "depth_ratio": 2.0038,
      "iou": 0.6687,
      "angle_deg": 47.7,
      "pair_score": 1.4133
    },
    {
      "training_frame": "frame_00227.png",
      "closeup_frame": "frame_00279.png",
      "depth_ratio": 2.0357,
      "iou": 0.7802,
      "angle_deg": 42.6,
      "pair_score": 1.7557
    },
    {
      "training_frame": "frame_00136.png",
      "closeup_frame": "frame_00288.png",
      "depth_ratio": 2.013,
      "iou": 0.7624,
      "angle_deg": 28.1,
      "pair_score": 1.8258
    },
    {
      "training_frame": "frame_00125.png",
      "closeup_frame": "frame_00343.png",
      "depth_ratio": 2.1569,
      "iou": 0.8748,
      "angle_deg": 26.6,
      "pair_score": 2.3394
    },
    {
      "training_frame": "frame_00133.png",
      "closeup_frame": "frame_00291.png",
      "depth_ratio": 2.2798,
      "iou": 0.7138,
      "angle_deg": 25.4,
      "pair_score": 1.9984
    },
    {
      "training_frame": "frame_00230.png",
      "closeup_frame": "frame_00272.png",
      "depth_ratio": 2.0283,
      "iou": 0.8013,
      "angle_deg": 52.0,
      "pair_score": 1.6895
    },
    {
      "training_frame": "frame_00127.png",
      "closeup_frame": "frame_00277.png",
      "depth_ratio": 2.2222,
      "iou": 0.8436,
      "angle_deg": 26.4,
      "pair_score": 2.32
    }
  ],
  "closeup_poses": {
    "frame_00291.png": [
      [
        0.1131933142824469,
        -0.9347458720184906,
        -0.33680473325971366,
        0.1155400375785566
      ],
      [
        0.9636956297226634,
        0.18579312663242303,
        -0.1917593474894713,
        1.1494596475339973
      ],
      [
        0.24182226294366407,
        -0.3028713734253207,
        0.9218410515399417,
        0.01867573926846429
      ],
      [
        0.0,
        0.0,
        0.0,
        1.0
      ]
    ],
    "frame_00272.png": [
      [
        -0.05173096822906504,
        -0.9956216966737594,
        -0.07785463402102652,
        0.4149032947595622
      ],
      [
        0.8955031947762611,
        -0.08075326137525862,
        0.43766761237584023,
        2.598288723147618
      ],
      [
        -0.44203838642316245,
        -0.0470781041432605,
        0.8957598545585103,
        1.2300551510516946
      ],
      [
        0.0,
        0.0,
        0.0,
        1.0
      ]
    ],
    "frame_00277.png": [
      [
        -0.010354300255131349,
        -0.994983295524893,
        -0.09950391998635105,
        0.36371449700183195
      ],
      [
        0.9745106608989781,
        -0.03234226244720808,
        0.22199763479378104,
        1.7708153373100002
      ],
      [
        -0.22410212016057246,
        -0.0946690006613542,
        0.9699567104017153,
        0.8375286456733274
      ],
      [
        0.0,
        0.0,
        0.0,
        1.0
      ]
    ],
    "frame_00288.png": [
      [
        0.05841599345414263,
        -0.96357126517518,
        -0.26099423104250463,
        0.11985847791385602
      ],
      [
        0.9663224546561133,
        0.1202119319021734,
        -0.2275302288833968,
        0.7761207934923762
      ],
      [
        0.25061621123971467,
        -0.23891318163100583,
        0.9381428496272839,
        0.13746256188120454
      ],
      [
        0.0,
        0.0,
        0.0,
        1.0
      ]
    ],
    "frame_00343.png": [
      [
        0.01933651749143578,
        -0.9984255388899552,
        -0.0526549369347805,
        0.18555650529570913
      ],
      [
        0.9491868116532083,
        0.0017858423655475518,
        0.3147081304171572,
        2.2099349793790135
      ],
      [
        -0.3141186012876671,
        -0.05606473097543347,
        0.9477268859042313,
        0.961184412107237
      ],
      [
        0.0,
        0.0,
        0.0,
        1.0
      ]
    ],
    "frame_00287.png": [
      [
        0.055901049285683055,
        -0.9679957532476993,
        -0.24466159155694792,
        0.1620789235590721
      ],
      [
        0.9681850874260516,
        0.11241742702948457,
        -0.22356197929406407,
        0.7519630079006596
      ],
      [
        0.24391127316007485,
        -0.22438035518843816,
        0.9434833051151151,
        0.16830784480759658
      ],
      [
        0.0,
        0.0,
        0.0,
        1.0
      ]
    ],
    "frame_00279.png": [
      [
        0.010991866581261224,
        -0.9929016502810606,
        -0.1184292689254065,
        0.36441273314160466
      ],
      [
        0.9975089188941161,
        0.002634963854862685,
        0.07049123131407939,
        1.485375049698327
      ],
      [
        -0.06967880305911714,
        -0.11890908222095599,
        0.9904572149111837,
        0.7129151146673539
      ],
      [
        0.0,
        0.0,
        0.0,
        1.0
      ]
    ],
    "frame_00345.png": [
      [
        0.02129974437187368,
        -0.9980054237062733,
        -0.05942638422918317,
        0.19845293581559845
      ],
      [
        0.9591434512288132,
        0.0036251967829410672,
        0.2828969740261744,
        2.2309787539402355
      ],
      [
        -0.28211728209128534,
        -0.06302406049396236,
        0.9573075822034836,
        0.9624453550697857
      ],
      [
        0.0,
        0.0,
        0.0,
        1.0
      ]
    ]
  }
}