{
  "scene": "341b4ff3dfd3d377d7167bd81f443bedafbff003bf04881b99760fc0aeb69510",
  "data_factor": 4,
  "intrinsics": {
    "w": 960,
    "h": 540,
    "fl_x": 420.90298418305264,
    "fl_y": 421.5762710394728,
    "cx": 480.0,
    "cy": 270.0,
    "k1": -0.0026658426311535945,
    "k2": 0.00048759143499156447,
    "p1": 0.00010207250810249584,
    "p2": 0.0008752283200711153,
    "camera_model": "OPENCV"
  },
  "num_training_frames": 16,
  "num_closeup_pairs": 8,
  "training_frames": [
    "frame_00018.png",
    "frame_00103.png",
    "frame_00087.png",
    "frame_00095.png",
    "frame_00001.png",
    "frame_00091.png",
    "frame_00099.png",
    "frame_00012.png",
    "frame_00211.png",
    "frame_00131.png",
    "frame_00192.png",
    "frame_00114.png",
    "frame_00078.png",
    "frame_00028.png",
    "frame_00200.png",
    "frame_00122.png"
  ],
  "closeup_eval_pairs": [
    {
      "training_frame": "frame_00018.png",
      "closeup_frame": "frame_00167.png",
      "depth_ratio": 2.2067,
      "iou": 0.7773,
      "angle_deg": 20.8,
      "pair_score": 2.1229
    },
    {
      "training_frame": "frame_00103.png",
      "closeup_frame": "frame_00169.png",
      "depth_ratio": 2.0388,
      "iou": 0.7764,
      "angle_deg": 44.2,
      "pair_score": 1.7172
    },
    {
      "training_frame": "frame_00087.png",
      "closeup_frame": "frame_00162.png",
      "depth_ratio": 2.2242,
      "iou": 0.7324,
      "angle_deg": 26.6,
      "pair_score": 1.9935
    },
    {
      "training_frame": "frame_00095.png",
      "closeup_frame": "frame_00149.png",
      "depth_ratio": 2.2623,
      "iou": 0.77,
      "angle_deg": 10.0,
      "pair_score": 2.2142
    },
    {
      "training_frame": "frame_00001.png",
      "closeup_frame": "frame_00241.png",
      "depth_ratio": 3.1608,
      "iou": 0.7159,
      "angle_deg": 18.8,
      "pair_score": 2.9421
    },
    {
      "training_frame": "frame_00091.png",
      "closeup_frame": "frame_00158.png",
      "depth_ratio": 2.569,
      "iou": 0.6817,
      "angle_deg": 23.5,
      "pair_score": 2.2091
    },
    {
      "training_frame": "frame_00099.png",
      "closeup_frame": "frame_00152.png",
      "depth_ratio": 2.4638,
      "iou": 0.7387,
      "angle_deg": 16.3,
      "pair_score": 2.3139
    },
    {
      "training_frame": "frame_00012.png",
      "closeup_frame": "frame_00234.png",
      "depth_ratio": 2.6431,
      "iou": 0.7789,
      "angle_deg": 17.0,
      "pair_score": 2.6267
    }
  ],
  "closeup_poses": {
    "frame_00169.png": [
      [
        -0.04516385737425529,
        -0.9956634608601895,
        0.08132956839297505,
        0.4076226135650509
      ],
      [
        0.9934694338353774,
        -0.036226571570497544,
        0.10819482218231308,
        -0.16165152047508827
      ],
      [
        -0.10477933967100887,
        0.0856849357831194,
        0.9907973464629132,
        0.3738168070891778
      ],
      [
        0.0,
        0.0,
        0.0,
        1.0
      ]
    ],
    "frame_00241.png": [
      [
        0.02109110495986009,
        -0.972338329488219,
        -0.2326227381397439,
        -0.23130178698324902
      ],
      [
        0.9950643696079696,
        0.04298168028706296,
        -0.0894397869876424,
        -1.3710635207935384
      ],
      [
        0.09696424922757,
        -0.2295882143485601,
        0.9684457580081466,
        -0.541534783587775
      ],
      [
        0.0,
        0.0,
        0.0,
        1.0
      ]
    ],
    "frame_00234.png": [
      [
        0.02346823596468135,
        -0.9731643124262275,
        -0.22891147398218004,
        -0.16213594696958453
      ],
      [
        0.9910455694734511,
        0.05275238280377825,
        -0.12266158867211205,
        -1.968055783336791
      ],
      [
        0.13144550630488971,
        -0.2239830509849169,
        0.9656881855670282,
        -0.27808507293286
      ],
      [
        0.0,
        0.0,
        0.0,
        1.0
      ]
    ],
    "frame_00162.png": [
      [
        -0.0538847824174567,
        -0.9931164729438464,
        0.10400048745749935,
        0.4116006961016738
      ],
      [
        0.9714627742476502,
        -0.028045057094411324,
        0.23552824251802684,
        0.6496897906718573
      ],
      [
        -0.23099027787957355,
        0.11372399016982009,
        0.9662868857564879,
        -0.20448486230362586
      ],
      [
        0.0,
        0.0,
        0.0,
        1.0
      ]
    ],
    "frame_00152.png": [
      [
        -0.09924035859558165,
        -0.9940678834739259,
        0.044501620998449766,
        0.2732744634850692
      ],
      [
        0.8368846608923125,
        -0.05918739624360385,
        0.5441699334666162,
        2.0243935798532853
      ],
      [
        -0.5383079189357884,
        0.09124634333260666,
        0.8377939419925693,
        -1.0688903360350408
      ],
      [
        0.0,
        0.0,
        0.0,
        1.0
      ]
    ],
    "frame_00158.png": [
      [
        -0.06170569145698315,
        -0.9941206969446007,
        0.08897442075224349,
        0.33108387261209754
      ],
      [
        0.937972169197202,
        -0.027285952567915005,
        0.3456351929476466,
        1.1694519656702052
      ],
      [
        -0.3411753470772925,
        0.1047831890087487,
        0.9341412451272268,
        -0.6718205507281205
      ],
      [
        0.0,
        0.0,
        0.0,
        1.0
      ]
    ],
    "frame_00167.png": [
      [
        -0.04813155487894861,
        -0.9964685094815844,
        0.06880307432436826,
        0.4030066467661795
      ],
      [
        0.986958931592906,
        -0.03685278004925269,
        0.15669696854639698,
        0.08320309738016161
      ],
      [
        -0.15360801012292255,
        0.0754478774664416,
        0.9852472770893026,
        0.1662550468999798
      ],
      [
        0.0,
        0.0,
        0.0,
        1.0
      ]
    ],
    "frame_00149.png": [
      [
        -0.11091918331276052,
        -0.9931808651169101,
        0.03589852279490699,
        0.23824592132812944
      ],
      [
        0.8090416437548861,
        -0.06925811193336659,
        0.5836565193688983,
        2.473580346230804
      ],
      [
        -0.5771902229279547,
        0.09378210435393039,
        0.8112067328735172,
        -1.223555086780907
      ],
      [
        0.0,
        0.0,
        0.0,
        1.0
      ]
    ]
  }
}