{
  "scene": "35317e621976e87f0c143e66fc61fb8cddb4ff134304da7a00e32ac1983105b4",
  "data_factor": 4,
  "intrinsics": {
    "w": 960,
    "h": 540,
    "fl_x": 452.9201172412821,
    "fl_y": 452.40018455819586,
    "cx": 480.0,
    "cy": 270.0,
    "k1": 0.027808686429995406,
    "k2": -0.025347216296918485,
    "p1": -0.0001977447653310225,
    "p2": 0.001581490477766902,
    "camera_model": "OPENCV"
  },
  "num_training_frames": 16,
  "num_closeup_pairs": 8,
  "training_frames": [
    "frame_00158.png",
    "frame_00036.png",
    "frame_00024.png",
    "frame_00002.png",
    "frame_00016.png",
    "frame_00011.png",
    "frame_00150.png",
    "frame_00019.png",
    "frame_00070.png",
    "frame_00169.png",
    "frame_00030.png",
    "frame_00181.png",
    "frame_00042.png",
    "frame_00164.png",
    "frame_00186.png",
    "frame_00192.png"
  ],
  "closeup_eval_pairs": [
    {
      "training_frame": "frame_00158.png",
      "closeup_frame": "frame_00307.png",
      "depth_ratio": 2.0122,
      "iou": 0.7895,
      "angle_deg": 10.4,
      "pair_score": 1.9813
    },
    {
      "training_frame": "frame_00036.png",
      "closeup_frame": "frame_00342.png",
      "depth_ratio": 2.0764,
      "iou": 0.8452,
      "angle_deg": 15.7,
      "pair_score": 2.2648
    },
    {
      "training_frame": "frame_00024.png",
      "closeup_frame": "frame_00341.png",
      "depth_ratio": 2.3501,
      "iou": 0.8103,
      "angle_deg": 24.0,
      "pair_score": 2.4145
    },
    {
      "training_frame": "frame_00002.png",
      "closeup_frame": "frame_00297.png",
      "depth_ratio": 2.053,
      "iou": 0.6782,
      "angle_deg": 22.8,
      "pair_score": 1.6927
    },
    {
      "training_frame": "frame_00016.png",
      "closeup_frame": "frame_00335.png",
      "depth_ratio": 2.2067,
      "iou": 0.831,
      "angle_deg": 17.2,
      "pair_score": 2.3103
    },
    {
      "training_frame": "frame_00011.png",
      "closeup_frame": "frame_00334.png",
      "depth_ratio": 2.2254,
      "iou": 0.8394,
      "angle_deg": 29.1,
      "pair_score": 2.2388
    },
    {
      "training_frame": "frame_00150.png",
      "closeup_frame": "frame_00268.png",
      "depth_ratio": 2.0461,
      "iou": 0.8255,
      "angle_deg": 46.2,
      "pair_score": 1.8521
    },
    {
      "training_frame": "frame_00019.png",
      "closeup_frame": "frame_00338.png",
      "depth_ratio": 2.3737,
      "iou": 0.8259,
      "angle_deg": 25.6,
      "pair_score": 2.4476
    }
  ],
  "closeup_poses": {
    "frame_00307.png": [
      [
        0.13697678081086723,
        -0.9894498622205657,
        0.047184019226799094,
        -0.07765671175280228
      ],
      [
        0.40764136450943944,
        0.012891993401429939,
        -0.9130511017719763,
        -2.040892915687379
      ],
      [
        0.902809990784093,
        0.14430095861719286,
        0.4051065957036311,
        -1.5019316726462182
      ],
      [
        0.0,
        0.0,
        0.0,
        1.0
      ]
    ],
    "frame_00297.png": [
      [
        0.16313331398544112,
        -0.9852018897747497,
        0.052580968537955575,
        -0.9079651203647611
      ],
      [
        0.11695496632124325,
        -0.033608295556960585,
        -0.9925683947832273,
        -2.004018135196252
      ],
      [
        0.9796474150024204,
        0.16807057700269248,
        0.10974162120662186,
        -2.750001935776731
      ],
      [
        0.0,
        0.0,
        0.0,
        1.0
      ]
    ],
    "frame_00334.png": [
      [
        0.09829862160477257,
        -0.9728349038523103,
        -0.20959396660512003,
        0.7584098887656837
      ],
      [
        0.6578117489607349,
        0.22155853746991686,
        -0.719857984190917,
        -2.0727476296627545
      ],
      [
        0.7467403055412375,
        -0.0671123261469746,
        0.6617211283911988,
        -0.5354472963729723
      ],
      [
        0.0,
        0.0,
        0.0,
        1.0
      ]
    ],
    "frame_00268.png": [
      [
        -0.08565142436149221,
        -0.9940558635317182,
        -0.06720694668750933,
        0.19892298210301435
      ],
      [
        0.9893283708381245,
        -0.0768760227472108,
        -0.12377177295875115,
        -0.019552968076229978
      ],
      [
        0.11786945388704358,
        -0.07709096772502254,
        0.9900322088374648,
        0.17103299718409465
      ],
      [
        0.0,
        0.0,
        0.0,
        1.0
      ]
    ],
    "frame_00341.png": [
      [
        -0.001607103123838812,
        -0.9846045988317923,
        -0.17478901904534733,
        0.6762095049973711
      ],
      [
        0.9706027922487473,
        0.04053276289435653,
        -0.23724947799960514,
        0.16375505363955647
      ],
      [
        0.2406816089743556,
        -0.1700319943170559,
        0.9555948325572299,
        0.23429420336450227
      ],
      [
        0.0,
        0.0,
        0.0,
        1.0
      ]
    ],
    "frame_00335.png": [
      [
        0.09881572994248407,
        -0.9728842993855326,
        -0.20912099733182132,
        0.7833642220035059
      ],
      [
        0.7261777338219112,
        0.21418276595007038,
        -0.6532929217979107,
        -1.7948118844474437
      ],
      [
        0.6803685401436546,
        -0.08730339500328126,
        0.7276515421571599,
        -0.2850041380594836
      ],
      [
        0.0,
        0.0,
        0.0,
        1.0
      ]
    ],
    "frame_00338.png": [
      [
        0.03431771697217585,
        -0.9807372727139987,
        -0.19229325576141598,
        0.7683493293163314
      ],
      [
        0.8934591715109478,
        0.1163228159039577,
        -0.4338199065777695,
        -0.7978666415370688
      ],
      [
        0.4478314450156311,
        -0.15691846420890584,
        0.8802406446225544,
        0.1681600884997866
      ],
      [
        0.0,
        0.0,
        0.0,
        1.0
      ]
    ],
    "frame_00342.png": [
      [
        -0.02372955735701605,
        -0.9858563337664841,
        -0.16590418102069326,
        0.6925745603632627
      ],
      [
        0.9864410533799338,
        0.003866846948923156,
        -0.1640703986140097,
        0.4850148809370801
      ],
      [
        0.16239136773340668,
        -0.16754801302068753,
        0.9723974017954248,
        0.3130290745787184
      ],
      [
        0.0,
        0.0,
        0.0,
        1.0
      ]
    ]
  }
}