{
  "scene": "35872363e17af5d173b6a0b09fcf5de94627ad5dc5f8a9ad4c579f3e70b4797a",
  "data_factor": 4,
  "intrinsics": {
    "w": 960,
    "h": 540,
    "fl_x": 419.08953298321603,
    "fl_y": 419.4837321045117,
    "cx": 480.0,
    "cy": 270.0,
    "k1": -0.0024636204926653826,
    "k2": 0.0007796742115305812,
    "p1": -0.0003626249336436961,
    "p2": 0.001350842978814256,
    "camera_model": "OPENCV"
  },
  "num_training_frames": 16,
  "num_closeup_pairs": 5,
  "training_frames": [
    "frame_00107.png",
    "frame_00001.png",
    "frame_00135.png",
    "frame_00003.png",
    "frame_00002.png",
    "frame_00037.png",
    "frame_00020.png",
    "frame_00150.png",
    "frame_00090.png",
    "frame_00012.png",
    "frame_00028.png",
    "frame_00121.png",
    "frame_00100.png",
    "frame_00144.png",
    "frame_00084.png",
    "frame_00130.png"
  ],
  "closeup_eval_pairs": [
    {
      "training_frame": "frame_00107.png",
      "closeup_frame": "frame_00226.png",
      "depth_ratio": 2.3858,
      "iou": 0.7604,
      "angle_deg": 59.8,
      "pair_score": 1.8291
    },
    {
      "training_frame": "frame_00001.png",
      "closeup_frame": "frame_00229.png",
      "depth_ratio": 2.258,
      "iou": 0.6665,
      "angle_deg": 22.9,
      "pair_score": 1.9975
    },
    {
      "training_frame": "frame_00135.png",
      "closeup_frame": "frame_00230.png",
      "depth_ratio": 2.6287,
      "iou": 0.656,
      "angle_deg": 56.6,
      "pair_score": 1.8695
    },
    {
      "training_frame": "frame_00003.png",
      "closeup_frame": "frame_00228.png",
      "depth_ratio": 2.0722,
      "iou": 0.7007,
      "angle_deg": 22.6,
      "pair_score": 1.9032
    },
    {
      "training_frame": "frame_00002.png",
      "closeup_frame": "frame_00227.png",
      "depth_ratio": 2.0387,
      "iou": 0.7273,
      "angle_deg": 22.8,
      "pair_score": 1.9296
    }
  ],
  "closeup_poses": {
    "frame_00230.png": [
      [
        -0.07232807419625265,
        -0.9929105249406115,
        -0.09432570776421818,
        0.17748656581748018
      ],
      [
        0.6786391881175007,
        0.020312413827889383,
        -0.7341908867560969,
        -3.0532116452906766
      ],
      [
        0.7309018415863247,
        -0.11711573466722516,
        0.6723588347445695,
        -1.6975453155207023
      ],
      [
        0.0,
        0.0,
        0.0,
        1.0
      ]
    ],
    "frame_00228.png": [
      [
        -0.08558753418969091,
        -0.9932968383879524,
        -0.077692759249665,
        0.19595093868530059
      ],
      [
        0.6715425608254353,
        9.264043314634368e-05,
        -0.7409659779084102,
        -3.142614938081915
      ],
      [
        0.7360063607003304,
        -0.11559144547174789,
        0.6670331736446149,
        -1.5723020036457085
      ],
      [
        0.0,
        0.0,
        0.0,
        1.0
      ]
    ],
    "frame_00227.png": [
      [
        -0.09056925029724926,
        -0.9932565278166386,
        -0.07237873202971395,
        0.19397983547065759
      ],
      [
        0.6696174641226033,
        -0.006939765860582437,
        -0.7426737449188672,
        -3.1569916791924246
      ],
      [
        0.7371632537251218,
        -0.1157294672908988,
        0.6657304467710308,
        -1.5240309426918717
      ],
      [
        0.0,
        0.0,
        0.0,
        1.0
      ]
    ],
    "frame_00229.png": [
      [
        -0.07803976524560256,
        -0.9932159733910216,
        -0.08620803466810231,
        0.19144342762402525
      ],
      [
        0.6750176148919325,
        0.010993731133607559,
        -0.7377197011476438,
        -3.0984235609002595
      ],
      [
        0.7336627390197883,
        -0.11576341424080164,
        0.6695803292341364,
        -1.6412413127305252
      ],
      [
        0.0,
        0.0,
        0.0,
        1.0
      ]
    ],
    "frame_00226.png": [
      [
        -0.09488989726222805,
        -0.9931937345936841,
        -0.06754341538162413,
        0.1940824386178722
      ],
      [
        0.6674330396425454,
        -0.013132313522895303,
        -0.7445540141151942,
        -3.1610024205776748
      ],
      [
        0.7385993805785894,
        -0.1157313609415667,
        0.664136437114797,
        -1.4748241406960696
      ],
      [
        0.0,
        0.0,
        0.0,
        1.0
      ]
    ]
  }
}