{
  "scene": "387eeb925ba47af5db9ce6102aaf6b07e6d3573b7e7568dda4cef22d5ab1342f",
  "data_factor": 4,
  "intrinsics": {
    "w": 960,
    "h": 540,
    "fl_x": 419.9169440658252,
    "fl_y": 421.3992024961352,
    "cx": 480.0,
    "cy": 270.0,
    "k1": -0.0033518787322865413,
    "k2": 0.0008902658421576722,
    "p1": -0.0004012356372816355,
    "p2": 0.0006430444496526142,
    "camera_model": "OPENCV"
  },
  "num_training_frames": 16,
  "num_closeup_pairs": 8,
  "training_frames": [
    "frame_00270.png",
    "frame_00153.png",
    "frame_00001.png",
    "frame_00010.png",
    "frame_00005.png",
    "frame_00007.png",
    "frame_00003.png",
    "frame_00269.png",
    "frame_00112.png",
    "frame_00026.png",
    "frame_00128.png",
    "frame_00284.png",
    "frame_00167.png",
    "frame_00019.png",
    "frame_00122.png",
    "frame_00134.png"
  ],
  "closeup_eval_pairs": [
    {
      "training_frame": "frame_00270.png",
      "closeup_frame": "frame_00227.png",
      "depth_ratio": 2.0458,
      "iou": 0.651,
      "angle_deg": 25.2,
      "pair_score": 1.7049
    },
    {
      "training_frame": "frame_00153.png",
      "closeup_frame": "frame_00194.png",
      "depth_ratio": 2.103,
      "iou": 0.663,
      "angle_deg": 28.8,
      "pair_score": 1.7411
    },
    {
      "training_frame": "frame_00001.png",
      "closeup_frame": "frame_00230.png",
      "depth_ratio": 2.2534,
      "iou": 0.7327,
      "angle_deg": 31.1,
      "pair_score": 2.0047
    },
    {
      "training_frame": "frame_00010.png",
      "closeup_frame": "frame_00191.png",
      "depth_ratio": 2.0484,
      "iou": 0.7373,
      "angle_deg": 52.4,
      "pair_score": 1.579
    },
    {
      "training_frame": "frame_00005.png",
      "closeup_frame": "frame_00061.png",
      "depth_ratio": 2.0266,
      "iou": 0.7761,
      "angle_deg": 25.4,
      "pair_score": 1.9311
    },
    {
      "training_frame": "frame_00007.png",
      "closeup_frame": "frame_00228.png",
      "depth_ratio": 2.3067,
      "iou": 0.6767,
      "angle_deg": 32.9,
      "pair_score": 1.9061
    },
    {
      "training_frame": "frame_00003.png",
      "closeup_frame": "frame_00060.png",
      "depth_ratio": 2.0596,
      "iou": 0.7771,
      "angle_deg": 25.1,
      "pair_score": 1.9669
    },
    {
      "training_frame": "frame_00269.png",
      "closeup_frame": "frame_00195.png",
      "depth_ratio": 2.0056,
      "iou": 0.6547,
      "angle_deg": 44.3,
      "pair_score": 1.5096
    }
  ],
  "closeup_poses": {
    "frame_00230.png": [
      [
        -0.058978759786667403,
        -0.9698911954033814,
        0.23628917658882778,
        1.0366163669408566
      ],
      [
        0.948068850686564,
        0.019688098761045835,
        0.31745524586157436,
        -0.492768685061004
      ],
      [
        -0.3125491325406038,
        0.24274152476693184,
        0.9183624512696179,
        0.4070384779665711
      ],
      [
        0.0,
        0.0,
        0.0,
        1.0
      ]
    ],
    "frame_00191.png": [
      [
        -0.1403395852162255,
        -0.9801161507613074,
        0.14027520036762003,
        0.60403395130571
      ],
      [
        0.6357840394813123,
        0.019399665658793218,
        0.7716231645778605,
        2.155945381106267
      ],
      [
        -0.7590016178916633,
        0.19747400838886423,
        0.6204196644600104,
        -1.4928814458056996
      ],
      [
        0.0,
        0.0,
        0.0,
        1.0
      ]
    ],
    "frame_00194.png": [
      [
        -0.12805342569682332,
        -0.9789601037157563,
        0.15886924025796684,
        0.5931250664325525
      ],
      [
        0.7051602890540134,
        0.0227686730384157,
        0.7086822660892041,
        1.9605754910781867
      ],
      [
        -0.6973889064994997,
        0.20277747128540974,
        0.6874081831274099,
        -1.3189447201249855
      ],
      [
        0.0,
        0.0,
        0.0,
        1.0
      ]
    ],
    "frame_00228.png": [
      [
        -0.06693150746158578,
        -0.9643690357907752,
        0.25595416800062154,
        0.9123915558209813
      ],
      [
        0.9256879376652957,
        0.0357066812567807,
        0.37659909051217627,
        -0.3824701793341654
      ],
      [
        -0.3723197756900529,
        0.2621400307499741,
        0.8903148818864657,
        0.30174761312870135
      ],
      [
        0.0,
        0.0,
        0.0,
        1.0
      ]
    ],
    "frame_00227.png": [
      [
        -0.0690211211820565,
        -0.9619501225256147,
        0.26436347441302593,
        0.8328093035833357
      ],
      [
        0.9127880652055369,
        0.04603685455581312,
        0.4058306987414077,
        -0.3940292309095769
      ],
      [
        -0.4025593532003749,
        0.2693187141577088,
        0.8748790758472477,
        0.22065061465689115
      ],
      [
        0.0,
        0.0,
        0.0,
        1.0
      ]
    ],
    "frame_00060.png": [
      [
        -0.07663801626147745,
        -0.9341227595092794,
        -0.3486277163827831,
        -0.8648436076728386
      ],
      [
        0.9099481145791776,
        -0.20846043888914914,
        0.3585229060910096,
        -0.005172018873553051
      ],
      [
        -0.40757949315109704,
        -0.28975664890544284,
        0.8659792383064289,
        0.5723524692671654
      ],
      [
        0.0,
        0.0,
        0.0,
        1.0
      ]
    ],
    "frame_00195.png": [
      [
        -0.12320634676534677,
        -0.9778738164285649,
        0.16906506221029313,
        0.5918780825414408
      ],
      [
        0.7276748513602496,
        0.026816005917435003,
        0.6853978498102212,
        1.8999341593343126
      ],
      [
        -0.6747662608745162,
        0.20746975917002766,
        0.7082702818948109,
        -1.289972533331223
      ],
      [
        0.0,
        0.0,
        0.0,
        1.0
      ]
    ],
    "frame_00061.png": [
      [
        -0.08014809163280294,
        -0.934678436692655,
        -0.346341599276486,
        -0.8743977777338087
      ],
      [
        0.8994755476032181,
        -0.21755342052761265,
        0.3789647061147339,
        0.11782930692573507
      ],
      [
        -0.4295579386666142,
        -0.2811525016757097,
        0.8581568901605225,
        0.5147944640678308
      ],
      [
        0.0,
        0.0,
        0.0,
        1.0
      ]
    ]
  }
}