{
  "scene": "3bb3bb4d3e871d79eb71946cbab1e3afc7a8e33a661153033f32deb3e23d2e52",
  "data_factor": 4,
  "intrinsics": {
    "w": 960,
    "h": 540,
    "fl_x": 481.9736158903565,
    "fl_y": 482.2118206780471,
    "cx": 480.0,
    "cy": 270.0,
    "k1": 0.04515417880282505,
    "k2": -0.039191975128484526,
    "p1": 2.538009138169768e-05,
    "p2": 0.001094509630259793,
    "camera_model": "OPENCV"
  },
  "num_training_frames": 16,
  "num_closeup_pairs": 7,
  "training_frames": [
    "frame_00282.png",
    "frame_00288.png",
    "frame_00285.png",
    "frame_00290.png",
    "frame_00286.png",
    "frame_00289.png",
    "frame_00287.png",
    "frame_00100.png",
    "frame_00001.png",
    "frame_00027.png",
    "frame_00017.png",
    "frame_00036.png",
    "frame_00119.png",
    "frame_00160.png",
    "frame_00022.png",
    "frame_00041.png"
  ],
  "closeup_eval_pairs": [
    {
      "training_frame": "frame_00282.png",
      "closeup_frame": "frame_00252.png",
      "depth_ratio": 2.6675,
      "iou": 0.6522,
      "angle_deg": 25.0,
      "pair_score": 2.2955
    },
    {
      "training_frame": "frame_00288.png",
      "closeup_frame": "frame_00251.png",
      "depth_ratio": 2.8197,
      "iou": 0.6626,
      "angle_deg": 29.1,
      "pair_score": 2.3964
    },
    {
      "training_frame": "frame_00285.png",
      "closeup_frame": "frame_00246.png",
      "depth_ratio": 2.028,
      "iou": 0.824,
      "angle_deg": 31.7,
      "pair_score": 1.991
    },
    {
      "training_frame": "frame_00290.png",
      "closeup_frame": "frame_00248.png",
      "depth_ratio": 2.3155,
      "iou": 0.7851,
      "angle_deg": 30.1,
      "pair_score": 2.2335
    },
    {
      "training_frame": "frame_00286.png",
      "closeup_frame": "frame_00247.png",
      "depth_ratio": 2.1947,
      "iou": 0.8061,
      "angle_deg": 30.9,
      "pair_score": 2.1431
    },
    {
      "training_frame": "frame_00289.png",
      "closeup_frame": "frame_00250.png",
      "depth_ratio": 2.6519,
      "iou": 0.7085,
      "angle_deg": 29.3,
      "pair_score": 2.377
    },
    {
      "training_frame": "frame_00287.png",
      "closeup_frame": "frame_00249.png",
      "depth_ratio": 2.4886,
      "iou": 0.7572,
      "angle_deg": 29.8,
      "pair_score": 2.347
    }
  ],
  "closeup_poses": {
    "frame_00246.png": [
      [
        0.08891150424719439,
        -0.9826654472141421,
        -0.1626756382004731,
        0.0839845890176978
      ],
      [
        0.9941303189868014,
        0.09765697316920607,
        -0.046562049596530396,
        0.6885495239852599
      ],
      [
        0.061641327725008674,
        -0.1575808822251578,
        0.9855803428810048,
        -0.12929884328054295
      ],
      [
        0.0,
        0.0,
        0.0,
        1.0
      ]
    ],
    "frame_00251.png": [
      [
        0.1328414698116862,
        -0.9768937343799224,
        -0.16742692623207409,
        -0.09055294725386843
      ],
      [
        0.9829570417280625,
        0.1515101118535791,
        -0.10411599360008077,
        0.5947094757876207
      ],
      [
        0.1270771341173815,
        -0.15074255449396323,
        0.9803714011787306,
        -1.0367073681200416
      ],
      [
        0.0,
        0.0,
        0.0,
        1.0
      ]
    ],
    "frame_00250.png": [
      [
        0.11770895593871054,
        -0.9791087030570752,
        -0.16580334523076173,
        -0.04970898952916647
      ],
      [
        0.9860550536707379,
        0.13501916822755086,
        -0.09728954384484761,
        0.6434498918657335
      ],
      [
        0.11764366885734608,
        -0.1520393758505762,
        0.9813480500662088,
        -0.8635781039291355
      ],
      [
        0.0,
        0.0,
        0.0,
        1.0
      ]
    ],
    "frame_00247.png": [
      [
        0.09445570017998016,
        -0.9818915544454144,
        -0.16421661308246963,
        0.059601394528767636
      ],
      [
        0.9919867241947635,
        0.10673331958827571,
        -0.06760427139618737,
        0.7052383696580969
      ],
      [
        0.08390744737418751,
        -0.15651509128015373,
        0.9841049570430549,
        -0.33668240533293065
      ],
      [
        0.0,
        0.0,
        0.0,
        1.0
      ]
    ],
    "frame_00248.png": [
      [
        0.10204244346410857,
        -0.9810077273065873,
        -0.1649581119455449,
        0.028623134210680534
      ],
      [
        0.9898794584472477,
        0.11657340061236765,
        -0.08092774563678533,
        0.7017905018472704
      ],
      [
        0.09862047189127614,
        -0.155030581610317,
        0.9829748324802161,
        -0.49463579853146766
      ],
      [
        0.0,
        0.0,
        0.0,
        1.0
      ]
    ],
    "frame_00252.png": [
      [
        0.15465709718004741,
        -0.9720051193033098,
        -0.17688196725500221,
        -0.12358600315860352
      ],
      [
        0.9756538206412497,
        0.17844115287766574,
        -0.1275083417970042,
        0.5722460835724265
      ],
      [
        0.1555017831408164,
        -0.15285549714631735,
        0.9759376990526488,
        -1.17784548713549
      ],
      [
        0.0,
        0.0,
        0.0,
        1.0
      ]
    ],
    "frame_00249.png": [
      [
        0.11005502292323763,
        -0.980055194598206,
        -0.16546814639210283,
        -0.0023492154248285126
      ],
      [
        0.9877967325574241,
        0.12630931572844048,
        -0.09112393708071446,
        0.6775135773740806
      ],
      [
        0.11020665623383422,
        -0.15342024736417903,
        0.9819962935879502,
        -0.6744709936317119
      ],
      [
        0.0,
        0.0,
        0.0,
        1.0
      ]
    ]
  }
}