{
  "scene": "444da1b4a3f1ca019d4c9c1b405a579427746ccc96cab6dab7dcba5cb4fc998c",
  "data_factor": 4,
  "intrinsics": {
    "w": 960,
    "h": 540,
    "fl_x": 420.80588727543426,
    "fl_y": 420.9357240001219,
    "cx": 480.0,
    "cy": 270.0,
    "k1": -0.0034122242125671086,
    "k2": 0.0008890353546010826,
    "p1": -0.0003004890031196268,
    "p2": 0.0004106877318653142,
    "camera_model": "OPENCV"
  },
  "num_training_frames": 16,
  "num_closeup_pairs": 8,
  "training_frames": [
    "frame_00002.png",
    "frame_00168.png",
    "frame_00005.png",
    "frame_00001.png",
    "frame_00003.png",
    "frame_00171.png",
    "frame_00004.png",
    "frame_00169.png",
    "frame_00116.png",
    "frame_00286.png",
    "frame_00025.png",
    "frame_00193.png",
    "frame_00132.png",
    "frame_00014.png",
    "frame_00295.png",
    "frame_00140.png"
  ],
  "closeup_eval_pairs": [
    {
      "training_frame": "frame_00002.png",
      "closeup_frame": "frame_00264.png",
      "depth_ratio": 2.0114,
      "iou": 0.7847,
      "angle_deg": 30.5,
      "pair_score": 1.9235
    },
    {
      "training_frame": "frame_00168.png",
      "closeup_frame": "frame_00315.png",
      "depth_ratio": 2.0055,
      "iou": 0.7573,
      "angle_deg": 57.9,
      "pair_score": 1.5331
    },
    {
      "training_frame": "frame_00005.png",
      "closeup_frame": "frame_00254.png",
      "depth_ratio": 2.0241,
      "iou": 0.7451,
      "angle_deg": 38.2,
      "pair_score": 1.7738
    },
    {
      "training_frame": "frame_00001.png",
      "closeup_frame": "frame_00316.png",
      "depth_ratio": 2.1968,
      "iou": 0.6949,
      "angle_deg": 10.0,
      "pair_score": 2.0173
    },
    {
      "training_frame": "frame_00003.png",
      "closeup_frame": "frame_00263.png",
      "depth_ratio": 2.0152,
      "iou": 0.7682,
      "angle_deg": 31.5,
      "pair_score": 1.8809
    },
    {
      "training_frame": "frame_00171.png",
      "closeup_frame": "frame_00252.png",
      "depth_ratio": 2.0388,
      "iou": 0.7564,
      "angle_deg": 34.8,
      "pair_score": 1.8554
    },
    {
      "training_frame": "frame_00004.png",
      "closeup_frame": "frame_00250.png",
      "depth_ratio": 2.0275,
      "iou": 0.7802,
      "angle_deg": 39.2,
      "pair_score": 1.846
    },
    {
      "training_frame": "frame_00169.png",
      "closeup_frame": "frame_00253.png",
      "depth_ratio": 2.0189,
      "iou": 0.7476,
      "angle_deg": 35.9,
      "pair_score": 1.8026
    }
  ],
  "closeup_poses": {
    "frame_00250.png": [
      [
        0.1831215570901752,
        -0.9270218078162051,
        0.32725687641674434,
        1.2233425121970465
      ],
      [
        0.9653509699160824,
        0.10660909301097769,
        -0.23818481515297235,
        0.43432248794908795
      ],
      [
        0.18591395916108236,
        0.35953451728665947,
        0.9144238244208756,
        0.40085558371233865
      ],
      [
        0.0,
        0.0,
        0.0,
        1.0
      ]
    ],
    "frame_00264.png": [
      [
        0.10632614975033838,
        -0.9320451973738906,
        0.3463906752953004,
        1.2716788533164993
      ],
      [
        0.9943105459068676,
        0.10191488484400808,
        -0.030982164960169475,
        2.0037700694923677
      ],
      [
        -0.006425587728387147,
        0.34771411576106337,
        0.9375785863184198,
        0.534040230191246
      ],
      [
        0.0,
        0.0,
        0.0,
        1.0
      ]
    ],
    "frame_00316.png": [
      [
        -0.024283705117097744,
        -0.9993721240200549,
        -0.025800375916439328,
        0.5037012192669028
      ],
      [
        0.9771965601292985,
        -0.02917468098678049,
        0.21032289666316858,
        2.7132708391891356
      ],
      [
        -0.21094355770502243,
        -0.020104619393645103,
        0.9772914712314769,
        0.029325763826011382
      ],
      [
        0.0,
        0.0,
        0.0,
        1.0
      ]
    ],
    "frame_00254.png": [
      [
        0.18038210436231258,
        -0.9208857835064662,
        0.34558887447588027,
        1.2690791461989182
      ],
      [
        0.9696580637585822,
        0.1075478099102209,
        -0.21953748648345284,
        1.003917172185475
      ],
      [
        0.16500162367013552,
        0.3747036726790877,
        0.9123440260488485,
        0.44604475210736094
      ],
      [
        0.0,
        0.0,
        0.0,
        1.0
      ]
    ],
    "frame_00253.png": [
      [
        0.18561486232351646,
        -0.9217492909032549,
        0.34047814555998884,
        1.244078557846494
      ],
      [
        0.9668554551093996,
        0.10949905072867533,
        -0.23065230719573296,
        0.8725667212222397
      ],
      [
        0.175321566870188,
        0.3720056486249448,
        0.9115229813785914,
        0.41327379221220367
      ],
      [
        0.0,
        0.0,
        0.0,
        1.0
      ]
    ],
    "frame_00263.png": [
      [
        0.11342090032355143,
        -0.9336168441043821,
        0.33984597654580084,
        1.2833955309710814
      ],
      [
        0.9930160079942719,
        0.09534063558291316,
        -0.06949367650201109,
        1.9002603660067818
      ],
      [
        0.032479335536845996,
        0.3453545303180779,
        0.9379100922539777,
        0.5566663658819291
      ],
      [
        0.0,
        0.0,
        0.0,
        1.0
      ]
    ],
    "frame_00252.png": [
      [
        0.18827492159581696,
        -0.9235981679084946,
        0.3339445734461949,
        1.214006833296533
      ],
      [
        0.9649849781350197,
        0.11073602282454888,
        -0.2377846193990615,
        0.6881707710482984
      ],
      [
        0.18263774492651985,
        0.36702037747933425,
        0.9121071738798475,
        0.37778558317220456
      ],
      [
        0.0,
        0.0,
        0.0,
        1.0
      ]
    ],
    "frame_00315.png": [
      [
        -0.038049857568998285,
        -0.9992537125821395,
        -0.006650280429423595,
        0.5534357167114162
      ],
      [
        0.9740091252750103,
        -0.03857403880764299,
        0.22320006140473114,
        2.798760732547499
      ],
      [
        -0.22329001818260533,
        0.0020152967219452976,
        0.974749971202428,
        0.10521597173596131
      ],
      [
        0.0,
        0.0,
        0.0,
        1.0
      ]
    ]
  }
}