{
  "scene": "599ca3e04cae3ec83affc426af7d0d7ab36eb91cd8e539edbc13070a4d455792",
  "data_factor": 4,
  "intrinsics": {
    "w": 960,
    "h": 540,
    "fl_x": 408.7069882000525,
    "fl_y": 409.2472236076344,
    "cx": 480.0,
    "cy": 270.0,
    "k1": 0.004783472283750799,
    "k2": -0.0007008956989508259,
    "p1": -0.00029981318156198545,
    "p2": 0.00024649876524800325,
    "camera_model": "OPENCV"
  },
  "num_training_frames": 16,
  "num_closeup_pairs": 8,
  "training_frames": [
    "frame_00006.png",
    "frame_00163.png",
    "frame_00354.png",
    "frame_00181.png",
    "frame_00001.png",
    "frame_00011.png",
    "frame_00169.png",
    "frame_00004.png",
    "frame_00083.png",
    "frame_00200.png",
    "frame_00326.png",
    "frame_00017.png",
    "frame_00156.png",
    "frame_00089.png",
    "frame_00175.png",
    "frame_00190.png"
  ],
  "closeup_eval_pairs": [
    {
      "training_frame": "frame_00006.png",
      "closeup_frame": "frame_00033.png",
      "depth_ratio": 2.0442,
      "iou": 0.8642,
      "angle_deg": 27.5,
      "pair_score": 2.1406
    },
    {
      "training_frame": "frame_00163.png",
      "closeup_frame": "frame_00306.png",
      "depth_ratio": 2.0071,
      "iou": 0.7239,
      "angle_deg": 36.0,
      "pair_score": 1.739
    },
    {
      "training_frame": "frame_00354.png",
      "closeup_frame": "frame_00313.png",
      "depth_ratio": 2.037,
      "iou": 0.6916,
      "angle_deg": 29.4,
      "pair_score": 1.7082
    },
    {
      "training_frame": "frame_00181.png",
      "closeup_frame": "frame_00047.png",
      "depth_ratio": 2.0109,
      "iou": 0.7196,
      "angle_deg": 57.7,
      "pair_score": 1.4469
    },
    {
      "training_frame": "frame_00001.png",
      "closeup_frame": "frame_00036.png",
      "depth_ratio": 2.3588,
      "iou": 0.8301,
      "angle_deg": 30.4,
      "pair_score": 2.3658
    },
    {
      "training_frame": "frame_00011.png",
      "closeup_frame": "frame_00043.png",
      "depth_ratio": 2.0101,
      "iou": 0.7644,
      "angle_deg": 38.0,
      "pair_score": 1.7919
    },
    {
      "training_frame": "frame_00169.png",
      "closeup_frame": "frame_00310.png",
      "depth_ratio": 2.0146,
      "iou": 0.6756,
      "angle_deg": 25.1,
      "pair_score": 1.705
    },
    {
      "training_frame": "frame_00004.png",
      "closeup_frame": "frame_00038.png",
      "depth_ratio": 2.316,
      "iou": 0.8075,
      "angle_deg": 32.8,
      "pair_score": 2.2458
    }
  ],
  "closeup_poses": {
    "frame_00043.png": [
      [
        0.1695057673555634,
        -0.9848391497877025,
        -0.03687334916490083,
        -0.07719595180333647
      ],
      [
        0.5997352918356688,
        0.07338959920938483,
        0.7968259197934456,
        2.156084065083587
      ],
      [
        -0.7820392410614615,
        -0.15718083780576106,
        0.6030827552390237,
        -0.008525918895680008
      ],
      [
        0.0,
        0.0,
        0.0,
        1.0
      ]
    ],
    "frame_00038.png": [
      [
        0.19958403186938084,
        -0.9754376913184785,
        -0.09320689125831301,
        -0.22966476126800375
      ],
      [
        0.7588394850411746,
        0.0936809706935516,
        0.6445048577569907,
        1.9475138301903194
      ],
      [
        -0.6199426184456163,
        -0.19936194743528904,
        0.7588978612103227,
        0.668565487410028
      ],
      [
        0.0,
        0.0,
        0.0,
        1.0
      ]
    ],
    "frame_00306.png": [
      [
        -0.20364976912388613,
        -0.9282580334703087,
        0.3112294890167434,
        -0.06617338766737259
      ],
      [
        0.2941638045672888,
        -0.36121754072129736,
        -0.8848669642142573,
        -1.8071959721705166
      ],
      [
        0.9338064187069424,
        -0.08865050238488906,
        0.346621783517166,
        -0.4490146948033583
      ],
      [
        0.0,
        0.0,
        0.0,
        1.0
      ]
    ],
    "frame_00033.png": [
      [
        0.20213715332950172,
        -0.9762457147945984,
        -0.07800561254825852,
        -0.3957017757735125
      ],
      [
        0.8007289076978512,
        0.11888304321083082,
        0.5871116064377692,
        1.658648307058802
      ],
      [
        -0.5638916452837831,
        -0.18113841774211026,
        0.8057388447859724,
        1.337084139516572
      ],
      [
        0.0,
        0.0,
        0.0,
        1.0
      ]
    ],
    "frame_00310.png": [
      [
        -0.18002487127699981,
        -0.9677882812702286,
        0.17600252372541858,
        -0.09092634604433002
      ],
      [
        0.6191937975503355,
        -0.2505216049393758,
        -0.7442029068297122,
        -1.7438510924025445
      ],
      [
        0.7643232868341076,
        -0.02499536146200303,
        0.6443486207857436,
        -0.09868412605406282
      ],
      [
        0.0,
        0.0,
        0.0,
        1.0
      ]
    ],
    "frame_00313.png": [
      [
        -0.15646960172297478,
        -0.9849275536347317,
        0.07372230210564619,
        -0.09242819099571288
      ],
      [
        0.7319918502956514,
        -0.16575167082047473,
        -0.6608436386324452,
        -1.838642083676238
      ],
      [
        0.6631027030840715,
        -0.04943781661161319,
        0.746894040310454,
        0.23161408728615288
      ],
      [
        0.0,
        0.0,
        0.0,
        1.0
      ]
    ],
    "frame_00036.png": [
      [
        0.2036386965790492,
        -0.9763087952748201,
        -0.07316021818321371,
        -0.29885504042206623
      ],
      [
        0.780309988827721,
        0.11671645342400316,
        0.6144050706462346,
        1.8364322302208136
      ],
      [
        -0.591310073135295,
        -0.182204296791135,
        0.785591491577894,
        0.9314309941674892
      ],
      [
        0.0,
        0.0,
        0.0,
        1.0
      ]
    ],
    "frame_00047.png": [
      [
        0.16224279386536195,
        -0.9860939585128999,
        0.035999733653471165,
        0.0449400959613979
      ],
      [
        0.5056413457495479,
        0.11441191109842483,
        0.8551238179745623,
        2.3700801672352543
      ],
      [
        -0.8473512290115286,
        -0.12053472355784176,
        0.5171723843260454,
        -0.5516062186163433
      ],
      [
        0.0,
        0.0,
        0.0,
        1.0
      ]
    ]
  }
}