{
  "scene": "669c36225b273e22ce08364f166dce910b708d7abd89e58463a15d2790b534d5",
  "data_factor": 4,
  "intrinsics": {
    "w": 960,
    "h": 540,
    "fl_x": 422.40411382422207,
    "fl_y": 421.7297076198595,
    "cx": 480.0,
    "cy": 270.0,
    "k1": -0.0026254003216386558,
    "k2": 0.0006267439482703735,
    "p1": -0.00019331745159883315,
    "p2": 0.0009409535483385465,
    "camera_model": "OPENCV"
  },
  "num_training_frames": 16,
  "num_closeup_pairs": 8,
  "training_frames": [
    "frame_00272.png",
    "frame_00001.png",
    "frame_00243.png",
    "frame_00275.png",
    "frame_00003.png",
    "frame_00271.png",
    "frame_00273.png",
    "frame_00274.png",
    "frame_00153.png",
    "frame_00210.png",
    "frame_00227.png",
    "frame_00257.png",
    "frame_00284.png",
    "frame_00218.png",
    "frame_00236.png",
    "frame_00143.png"
  ],
  "closeup_eval_pairs": [
    {
      "training_frame": "frame_00272.png",
      "closeup_frame": "frame_00394.png",
      "depth_ratio": 2.0101,
      "iou": 0.7102,
      "angle_deg": 20.1,
      "pair_score": 1.8382
    },
    {
      "training_frame": "frame_00001.png",
      "closeup_frame": "frame_00350.png",
      "depth_ratio": 2.01,
      "iou": 0.7493,
      "angle_deg": 15.8,
      "pair_score": 1.9763
    },
    {
      "training_frame": "frame_00243.png",
      "closeup_frame": "frame_00387.png",
      "depth_ratio": 2.0184,
      "iou": 0.6844,
      "angle_deg": 57.8,
      "pair_score": 1.402
    },
    {
      "training_frame": "frame_00275.png",
      "closeup_frame": "frame_00348.png",
      "depth_ratio": 2.0121,
      "iou": 0.7717,
      "angle_deg": 41.4,
      "pair_score": 1.8095
    },
    {
      "training_frame": "frame_00003.png",
      "closeup_frame": "frame_00352.png",
      "depth_ratio": 2.0291,
      "iou": 0.6856,
      "angle_deg": 12.7,
      "pair_score": 1.8435
    },
    {
      "training_frame": "frame_00271.png",
      "closeup_frame": "frame_00349.png",
      "depth_ratio": 2.0461,
      "iou": 0.7373,
      "angle_deg": 46.5,
      "pair_score": 1.6995
    },
    {
      "training_frame": "frame_00273.png",
      "closeup_frame": "frame_00347.png",
      "depth_ratio": 2.0216,
      "iou": 0.7909,
      "angle_deg": 40.3,
      "pair_score": 1.8722
    },
    {
      "training_frame": "frame_00274.png",
      "closeup_frame": "frame_00393.png",
      "depth_ratio": 2.0005,
      "iou": 0.7167,
      "angle_deg": 18.6,
      "pair_score": 1.8536
    }
  ],
  "closeup_poses": {
    "frame_00394.png": [
      [
        0.18868798912322732,
        -0.982008093894496,
        0.007546276322257676,
        0.7065490752901498
      ],
      [
        0.8881764703939458,
        0.16737021320048756,
        -0.4279366415391135,
        -0.9174707658688619
      ],
      [
        0.4189742237885109,
        0.08744892943268294,
        0.9037772317014257,
        0.6425368410310518
      ],
      [
        0.0,
        0.0,
        0.0,
        1.0
      ]
    ],
    "frame_00387.png": [
      [
        0.29671187755102546,
        -0.9545733597946557,
        -0.02741828751923865,
        0.45353695215601975
      ],
      [
        0.8134258812046731,
        0.2676719208109485,
        -0.5164204474996884,
        -1.0665272711815168
      ],
      [
        0.5003003073220588,
        0.13092533589691352,
        0.8558961145569793,
        0.743796439895652
      ],
      [
        0.0,
        0.0,
        0.0,
        1.0
      ]
    ],
    "frame_00350.png": [
      [
        -0.03699565088686164,
        -0.9921044145700737,
        0.11983385333881628,
        0.7652460064892072
      ],
      [
        0.9956633060132843,
        -0.02635172535398011,
        0.08921977151711075,
        0.4843522318482752
      ],
      [
        -0.08535750039776525,
        0.12261491410688946,
        0.9887768605526758,
        1.3037935770897016
      ],
      [
        0.0,
        0.0,
        0.0,
        1.0
      ]
    ],
    "frame_00347.png": [
      [
        0.04690846998351621,
        -0.9955359546225352,
        0.08190090657375533,
        0.890614145956225
      ],
      [
        0.9984180302616052,
        0.04418344261923679,
        -0.03477441943223408,
        0.6753897110772988
      ],
      [
        0.031000520839848614,
        0.08340255662813971,
        0.9960336245607114,
        1.3726495953092284
      ],
      [
        0.0,
        0.0,
        0.0,
        1.0
      ]
    ],
    "frame_00349.png": [
      [
        -0.013087316717293086,
        -0.9939106239357854,
        0.10940929470899131,
        0.8031199485808856
      ],
      [
        0.9986711755496233,
        -0.007538033917525535,
        0.05098098832890126,
        0.5428677156153618
      ],
      [
        -0.049845814944432326,
        0.10993111330390448,
        0.9926885438345148,
        1.3305697668377332
      ],
      [
        0.0,
        0.0,
        0.0,
        1.0
      ]
    ],
    "frame_00393.png": [
      [
        0.20865379519465202,
        -0.9779474116735871,
        0.009080404825747878,
        0.696560320082698
      ],
      [
        0.8806766881865981,
        0.18384642732958634,
        -0.4365879774373464,
        -0.9078328173050566
      ],
      [
        0.4252906825167393,
        0.09909263927799268,
        0.8996157425286463,
        0.6589903259827633
      ],
      [
        0.0,
        0.0,
        0.0,
        1.0
      ]
    ],
    "frame_00348.png": [
      [
        0.013069279501178869,
        -0.9951608432959722,
        0.09738629217589957,
        0.8410330872270059
      ],
      [
        0.9998308966997647,
        0.014266181524229666,
        0.011604054001164142,
        0.6010409067375722
      ],
      [
        -0.01293723068760356,
        0.09721816720740697,
        0.9951790070268608,
        1.3564540704316475
      ],
      [
        0.0,
        0.0,
        0.0,
        1.0
      ]
    ],
    "frame_00352.png": [
      [
        -0.07423462705144522,
        -0.989064503895947,
        0.12743871970322448,
        0.6940795445752972
      ],
      [
        0.9864097633907309,
        -0.05404315652555259,
        0.15516158003899205,
        0.38613921313703137
      ],
      [
        -0.14657762050863957,
        0.1372251593761829,
        0.9796347568355293,
        1.2432893739836568
      ],
      [
        0.0,
        0.0,
        0.0,
        1.0
      ]
    ]
  }
}