{
  "scene": "6d81c5ab0d480fd43d78b75ff372a8113ad38e2c03f1d69627c009883054d4c2",
  "data_factor": 4,
  "intrinsics": {
    "w": 960,
    "h": 540,
    "fl_x": 571.5995038246954,
    "fl_y": 570.6576798883577,
    "cx": 480.0,
    "cy": 270.0,
    "k1": 0.009049901912958444,
    "k2": -0.011514657350611595,
    "p1": -0.0009728819977430377,
    "p2": -0.003301637405537577,
    "camera_model": "OPENCV"
  },
  "num_training_frames": 16,
  "num_closeup_pairs": 8,
  "training_frames": [
    "frame_00439.png",
    "frame_00001.png",
    "frame_00035.png",
    "frame_00021.png",
    "frame_00012.png",
    "frame_00007.png",
    "frame_00032.png",
    "frame_00004.png",
    "frame_00084.png",
    "frame_00337.png",
    "frame_00395.png",
    "frame_00059.png",
    "frame_00417.png",
    "frame_00072.png",
    "frame_00046.png",
    "frame_00408.png"
  ],
  "closeup_eval_pairs": [
    {
      "training_frame": "frame_00439.png",
      "closeup_frame": "frame_00115.png",
      "depth_ratio": 2.0218,
      "iou": 0.6504,
      "angle_deg": 51.1,
      "pair_score": 1.3495
    },
    {
      "training_frame": "frame_00001.png",
      "closeup_frame": "frame_00107.png",
      "depth_ratio": 3.0497,
      "iou": 0.6792,
      "angle_deg": 37.1,
      "pair_score": 2.3616
    },
    {
      "training_frame": "frame_00035.png",
      "closeup_frame": "frame_00113.png",
      "depth_ratio": 2.0241,
      "iou": 0.6533,
      "angle_deg": 38.6,
      "pair_score": 1.4898
    },
    {
      "training_frame": "frame_00021.png",
      "closeup_frame": "frame_00293.png",
      "depth_ratio": 2.358,
      "iou": 0.6502,
      "angle_deg": 54.6,
      "pair_score": 1.5272
    },
    {
      "training_frame": "frame_00012.png",
      "closeup_frame": "frame_00294.png",
      "depth_ratio": 2.728,
      "iou": 0.663,
      "angle_deg": 57.8,
      "pair_score": 1.7597
    },
    {
      "training_frame": "frame_00007.png",
      "closeup_frame": "frame_00111.png",
      "depth_ratio": 2.9552,
      "iou": 0.6891,
      "angle_deg": 51.7,
      "pair_score": 2.1005
    },
    {
      "training_frame": "frame_00032.png",
      "closeup_frame": "frame_00296.png",
      "depth_ratio": 2.275,
      "iou": 0.6507,
      "angle_deg": 35.9,
      "pair_score": 1.7163
    },
    {
      "training_frame": "frame_00004.png",
      "closeup_frame": "frame_00109.png",
      "depth_ratio": 3.013,
      "iou": 0.6824,
      "angle_deg": 42.1,
      "pair_score": 2.2769
    }
  ],
  "closeup_poses": {
    "frame_00296.png": [
      [
        0.17200807201655352,
        -0.9482950993939956,
        0.2667388753565554,
        -0.051600626608928835
      ],
      [
        0.8494873721046781,
        0.27988946226602524,
        0.4472505936800121,
        0.49882771761939115
      ],
      [
        -0.4987829465768012,
        0.14966059393763964,
        0.8537079587460789,
        0.27570584723511776
      ],
      [
        0.0,
        0.0,
        0.0,
        1.0
      ]
    ],
    "frame_00107.png": [
      [
        0.023866627809233387,
        -0.9938345441506743,
        0.10827411015490715,
        -0.11239009122767622
      ],
      [
        0.9805176018977364,
        0.04439350027943505,
        0.19134902534805856,
        -0.2181691807282267
      ],
      [
        -0.1949759381198811,
        0.1015978148670592,
        0.9755317870620674,
        0.8405306524931732
      ],
      [
        0.0,
        0.0,
        0.0,
        1.0
      ]
    ],
    "frame_00115.png": [
      [
        0.07671223039214774,
        -0.9654452877761024,
        0.2490594909237169,
        -0.10718748289699138
      ],
      [
        0.7648985947575759,
        0.21721790396916693,
        0.6064210764255538,
        -0.10927081396430817
      ],
      [
        -0.63956655122524,
        0.143985341289177,
        0.7551310138298464,
        0.7317531081065196
      ],
      [
        0.0,
        0.0,
        0.0,
        1.0
      ]
    ],
    "frame_00113.png": [
      [
        0.07219938148214723,
        -0.9625869551948927,
        0.2611773401392649,
        -0.11266612672608671
      ],
      [
        0.8110755661384758,
        0.20906329068981047,
        0.5463048292840716,
        -0.12377431407283315
      ],
      [
        -0.5804684964119468,
        0.17239168824097553,
        0.7958249999206358,
        0.7595646965550192
      ],
      [
        0.0,
        0.0,
        0.0,
        1.0
      ]
    ],
    "frame_00294.png": [
      [
        0.17901092096816873,
        -0.9444177083132782,
        0.275735892473983,
        -0.055424904273765514
      ],
      [
        0.7555208126374534,
        0.31147729674505215,
        0.5763420818264419,
        0.4855414631869444
      ],
      [
        -0.6301931385264126,
        0.105152678694794,
        0.7692850722050567,
        0.2693254970906403
      ],
      [
        0.0,
        0.0,
        0.0,
        1.0
      ]
    ],
    "frame_00111.png": [
      [
        0.0608797204617405,
        -0.9749843230324962,
        0.21377378108029407,
        -0.11192607141593734
      ],
      [
        0.8860321212465392,
        0.1514055933048847,
        0.43820477682854353,
        -0.15745536988101574
      ],
      [
        -0.45960933384327396,
        0.16273265239914517,
        0.873084958115349,
        0.7694120564516191
      ],
      [
        0.0,
        0.0,
        0.0,
        1.0
      ]
    ],
    "frame_00293.png": [
      [
        0.1804576547188254,
        -0.9458282408979051,
        0.26989622741593744,
        -0.05629946131987137
      ],
      [
        0.6960661099521134,
        0.3166773547838339,
        0.6443659081168449,
        0.4761212826526543
      ],
      [
        -0.6949294967329518,
        0.07158485654863045,
        0.7155058370715073,
        0.2622497517706861
      ],
      [
        0.0,
        0.0,
        0.0,
        1.0
      ]
    ],
    "frame_00109.png": [
      [
        0.04725346330746646,
        -0.98615727635562,
        0.1589368946982263,
        -0.1074206646271057
      ],
      [
        0.95259958519314,
        0.09236281541332758,
        0.2898674535348545,
        -0.1723832773268976
      ],
      [
        -0.30053475754945114,
        0.13770597888177818,
        0.9437774753006685,
        0.7931490971201164
      ],
      [
        0.0,
        0.0,
        0.0,
        1.0
      ]
    ]
  }
}