{
  "scene": "75fbbe467353cfdeb93bc1872144855576797be83a0c71c51155ee6b355d6d5e",
  "data_factor": 4,
  "intrinsics": {
    "w": 960,
    "h": 540,
    "fl_x": 420.0607581200633,
    "fl_y": 421.0079610538095,
    "cx": 480.0,
    "cy": 270.0,
    "k1": -0.0022908578423809145,
    "k2": 0.000621391461678603,
    "p1": -1.1796530858083585e-05,
    "p2": 0.0007391296852346771,
    "camera_model": "OPENCV"
  },
  "num_training_frames": 16,
  "num_closeup_pairs": 8,
  "training_frames": [
    "frame_00158.png",
    "frame_00001.png",
    "frame_00101.png",
    "frame_00016.png",
    "frame_00173.png",
    "frame_00123.png",
    "frame_00009.png",
    "frame_00144.png",
    "frame_00280.png",
    "frame_00111.png",
    "frame_00268.png",
    "frame_00165.png",
    "frame_00020.png",
    "frame_00117.png",
    "frame_00106.png",
    "frame_00274.png"
  ],
  "closeup_eval_pairs": [
    {
      "training_frame": "frame_00158.png",
      "closeup_frame": "frame_00209.png",
      "depth_ratio": 2.5345,
      "iou": 0.6961,
      "angle_deg": 28.0,
      "pair_score": 2.3147
    },
    {
      "training_frame": "frame_00001.png",
      "closeup_frame": "frame_00234.png",
      "depth_ratio": 2.5553,
      "iou": 0.7125,
      "angle_deg": 26.4,
      "pair_score": 2.4057
    },
    {
      "training_frame": "frame_00101.png",
      "closeup_frame": "frame_00067.png",
      "depth_ratio": 2.0924,
      "iou": 0.6518,
      "angle_deg": 23.4,
      "pair_score": 1.838
    },
    {
      "training_frame": "frame_00016.png",
      "closeup_frame": "frame_00296.png",
      "depth_ratio": 2.0645,
      "iou": 0.6507,
      "angle_deg": 20.5,
      "pair_score": 1.8114
    },
    {
      "training_frame": "frame_00173.png",
      "closeup_frame": "frame_00065.png",
      "depth_ratio": 2.1169,
      "iou": 0.652,
      "angle_deg": 35.6,
      "pair_score": 1.7677
    },
    {
      "training_frame": "frame_00123.png",
      "closeup_frame": "frame_00071.png",
      "depth_ratio": 2.457,
      "iou": 0.6839,
      "angle_deg": 30.4,
      "pair_score": 2.1507
    },
    {
      "training_frame": "frame_00009.png",
      "closeup_frame": "frame_00295.png",
      "depth_ratio": 2.1122,
      "iou": 0.6883,
      "angle_deg": 18.2,
      "pair_score": 1.9375
    },
    {
      "training_frame": "frame_00144.png",
      "closeup_frame": "frame_00079.png",
      "depth_ratio": 2.108,
      "iou": 0.7259,
      "angle_deg": 24.6,
      "pair_score": 1.9602
    }
  ],
  "closeup_poses": {
    "frame_00296.png": [
      [
        0.20186788308029063,
        -0.9780294936567944,
        0.05203525072598945,
        -0.36788759202138877
      ],
      [
        0.7319875575635454,
        0.11535858778873477,
        -0.6714809094795949,
        -3.484762721288679
      ],
      [
        0.6507254208595492,
        0.1736395858115978,
        0.7391926141989916,
        -1.4821989413853722
      ],
      [
        0.0,
        0.0,
        0.0,
        1.0
      ]
    ],
    "frame_00067.png": [
      [
        0.06998845813142304,
        -0.996868516935366,
        -0.03680727742539329,
        -0.263494294264769
      ],
      [
        0.987823866536012,
        0.07439837753734,
        -0.13663414698257115,
        0.5224558113422337
      ],
      [
        0.13894468118726055,
        -0.026796293827603276,
        0.9899375405584311,
        0.4432654649496181
      ],
      [
        0.0,
        0.0,
        0.0,
        1.0
      ]
    ],
    "frame_00234.png": [
      [
        0.1800927673236021,
        -0.9662896196279613,
        0.1839863205702443,
        0.18535436405727318
      ],
      [
        0.7866424833316429,
        0.029184657463330002,
        -0.6167186223769915,
        -1.588809338202286
      ],
      [
        0.5905592252903622,
        0.25579801947630065,
        0.7653804117276907,
        -0.533641158651652
      ],
      [
        0.0,
        0.0,
        0.0,
        1.0
      ]
    ],
    "frame_00295.png": [
      [
        0.215519433893182,
        -0.9753875324988184,
        0.04658900149422081,
        -0.3713558384468238
      ],
      [
        0.7173139481466355,
        0.12576269972774753,
        -0.6853060944946238,
        -3.6144416565326662
      ],
      [
        0.6625798619099801,
        0.18111572213105784,
        0.7267633877599347,
        -1.5166762919003611
      ],
      [
        0.0,
        0.0,
        0.0,
        1.0
      ]
    ],
    "frame_00079.png": [
      [
        0.003055141925498822,
        -0.9999858363100529,
        0.004358128852956605,
        -0.1315857478162997
      ],
      [
        0.9999764751515909,
        0.003081820013200741,
        0.0061279302220097745,
        1.9270411702322858
      ],
      [
        -0.006141274396625242,
        0.004339304632098199,
        0.9999717271923719,
        0.8627499001093671
      ],
      [
        0.0,
        0.0,
        0.0,
        1.0
      ]
    ],
    "frame_00065.png": [
      [
        0.07886661334322505,
        -0.9957124486546352,
        -0.04834022025146982,
        -0.26652913345243817
      ],
      [
        0.9797833752389905,
        0.08636592463116005,
        -0.1804590387536633,
        0.3137258035533145
      ],
      [
        0.18386025917816387,
        -0.03313075092410608,
        0.9823938916942345,
        0.40587499463052723
      ],
      [
        0.0,
        0.0,
        0.0,
        1.0
      ]
    ],
    "frame_00209.png": [
      [
        -0.09005983533788389,
        -0.967613726931556,
        0.23582387816448452,
        0.41403481326715574
      ],
      [
        0.9958944536859806,
        -0.08532295383358494,
        0.030236247561723426,
        0.5949897936247862
      ],
      [
        -0.0091358183221391,
        0.23757876378737292,
        0.9713253151343523,
        0.09482475503246518
      ],
      [
        0.0,
        0.0,
        0.0,
        1.0
      ]
    ],
    "frame_00071.png": [
      [
        0.03371989251115662,
        -0.9991333987832156,
        -0.024401235315774296,
        -0.21299517304844992
      ],
      [
        0.9980243721526393,
        0.03495742789982619,
        -0.052204701167218655,
        1.0275843554329038
      ],
      [
        0.05301246493388315,
        -0.022592690643838786,
        0.9983382437286001,
        0.6002411076650547
      ],
      [
        0.0,
        0.0,
        0.0,
        1.0
      ]
    ]
  }
}