{
  "scene": "8324b3ca22085040c2a0ecb7284e0cdf776b1f846b73a7c0df893587cb4a45f8",
  "data_factor": 4,
  "intrinsics": {
    "w": 960,
    "h": 540,
    "fl_x": 483.92413538537164,
    "fl_y": 482.2058332543004,
    "cx": 480.0,
    "cy": 270.0,
    "k1": 0.02985697210831327,
    "k2": -0.029325537210631726,
    "p1": 0.00020382850639483088,
    "p2": 0.0021400481403264344,
    "camera_model": "OPENCV"
  },
  "num_training_frames": 16,
  "num_closeup_pairs": 11,
  "training_frames": [
    "frame_00031.png",
    "frame_00083.png",
    "frame_00001.png",
    "frame_00101.png",
    "frame_00135.png",
    "frame_00016.png",
    "frame_00023.png",
    "frame_00125.png",
    "frame_00147.png",
    "frame_00063.png",
    "frame_00179.png",
    "frame_00167.png",
    "frame_00120.png",
    "frame_00098.png",
    "frame_00173.png",
    "frame_00027.png"
  ],
  "closeup_eval_pairs": [
    {
      "training_frame": "frame_00031.png",
      "closeup_frame": "frame_00407.png",
      "depth_ratio": 2.2032,
      "iou": 0.6532,
      "angle_deg": 26.3,
      "pair_score": 1.9008
    },
    {
      "training_frame": "frame_00083.png",
      "closeup_frame": "frame_00287.png",
      "depth_ratio": 2.5336,
      "iou": 0.6669,
      "angle_deg": 29.4,
      "pair_score": 2.2241
    },
    {
      "training_frame": "frame_00001.png",
      "closeup_frame": "frame_00367.png",
      "depth_ratio": 3.8284,
      "iou": 0.7518,
      "angle_deg": 39.8,
      "pair_score": 3.5066
    },
    {
      "training_frame": "frame_00101.png",
      "closeup_frame": "frame_00283.png",
      "depth_ratio": 2.6218,
      "iou": 0.6608,
      "angle_deg": 11.6,
      "pair_score": 2.5055
    },
    {
      "training_frame": "frame_00135.png",
      "closeup_frame": "frame_00379.png",
      "depth_ratio": 2.6214,
      "iou": 0.6569,
      "angle_deg": 37.0,
      "pair_score": 2.1471
    },
    {
      "training_frame": "frame_00016.png",
      "closeup_frame": "frame_00189.png",
      "depth_ratio": 3.0856,
      "iou": 0.7772,
      "angle_deg": 33.4,
      "pair_score": 3.0098
    },
    {
      "training_frame": "frame_00023.png",
      "closeup_frame": "frame_00277.png",
      "depth_ratio": 2.5529,
      "iou": 0.7415,
      "angle_deg": 35.7,
      "pair_score": 2.344
    },
    {
      "training_frame": "frame_00125.png",
      "closeup_frame": "frame_00380.png",
      "depth_ratio": 2.4002,
      "iou": 0.6523,
      "angle_deg": 25.9,
      "pair_score": 2.0815
    },
    {
      "training_frame": "frame_00167.png",
      "closeup_frame": "frame_00377.png",
      "depth_ratio": 3.3674,
      "iou": 0.6705,
      "angle_deg": 39.3,
      "pair_score": 2.7408
    },
    {
      "training_frame": "frame_00098.png",
      "closeup_frame": "frame_00284.png",
      "depth_ratio": 2.531,
      "iou": 0.6558,
      "angle_deg": 11.6,
      "pair_score": 2.3859
    },
    {
      "training_frame": "frame_00027.png",
      "closeup_frame": "frame_00193.png",
      "depth_ratio": 3.0313,
      "iou": 0.6513,
      "angle_deg": 23.8,
      "pair_score": 2.7713
    }
  ],
  "closeup_poses": {
    "frame_00283.png": [
      [
        -0.0022046069547152648,
        -0.9826714716567122,
        -0.1853427055489552,
        -0.5000876848079214
      ],
      [
        0.06741425126278545,
        0.184775464282915,
        -0.980465882387404,
        0.003380735366054526
      ],
      [
        0.997722636024087,
        -0.014656281624774002,
        0.06583870422541785,
        -1.2104197012578441
      ],
      [
        0.0,
        0.0,
        0.0,
        1.0
      ]
    ],
    "frame_00193.png": [
      [
        -0.004364235846722488,
        -0.9999657122537069,
        0.007037596351796531,
        0.023180429531578818
      ],
      [
        0.4365440176102234,
        -0.008236803209588644,
        -0.8996451943747666,
        0.2968783171481221
      ],
      [
        0.8996723148648064,
        -0.0008540432208896684,
        0.4365649968515314,
        0.10832139900621861
      ],
      [
        0.0,
        0.0,
        0.0,
        1.0
      ]
    ],
    "frame_00367.png": [
      [
        0.022472904074273187,
        -0.9993303848468739,
        0.028874738167945564,
        0.10620987122610519
      ],
      [
        0.8236416562223156,
        0.002135996558481974,
        -0.5671065681633948,
        0.9776084455435137
      ],
      [
        0.5666651486705614,
        0.036526968673858635,
        0.823138135334325,
        0.7444413642749815
      ],
      [
        0.0,
        0.0,
        0.0,
        1.0
      ]
    ],
    "frame_00189.png": [
      [
        -0.0031222455386023594,
        -0.9996551227104106,
        -0.02607464710462356,
        0.18164207119196735
      ],
      [
        0.6751092643410909,
        0.017128594799119486,
        -0.7375188759896512,
        0.3165690572380806
      ],
      [
        0.7377111445434639,
        -0.019905950844949682,
        0.6748229548091341,
        0.8077780081979248
      ],
      [
        0.0,
        0.0,
        0.0,
        1.0
      ]
    ],
    "frame_00380.png": [
      [
        0.01649952296880115,
        -0.9987464743473512,
        -0.047257229293919324,
        -0.5995868572103201
      ],
      [
        0.7920422815037067,
        0.04190174930269834,
        -0.609026491801282,
        1.0059336662839145
      ],
      [
        0.6102432220452803,
        -0.027381077117416015,
        0.7917407950609119,
        0.0575592493391589
      ],
      [
        0.0,
        0.0,
        0.0,
        1.0
      ]
    ],
    "frame_00277.png": [
      [
        0.011086339107166268,
        -0.9836056953809789,
        -0.17999146951814593,
        -0.5435190709976458
      ],
      [
        0.48354776345612943,
        0.16283003301222032,
        -0.8600394995613946,
        -0.31032782953613247
      ],
      [
        0.8752477669447526,
        -0.07749978298898637,
        0.47742552308698794,
        0.080158485205211
      ],
      [
        0.0,
        0.0,
        0.0,
        1.0
      ]
    ],
    "frame_00377.png": [
      [
        0.024666782178876794,
        -0.9981988416267094,
        -0.05468658365664476,
        -0.6150110832174759
      ],
      [
        0.8327084375878897,
        0.0507846818367592,
        -0.551377886807836,
        1.1038381401527986
      ],
      [
        0.5531620086619069,
        -0.031937261401605806,
        0.8324612924979096,
        0.48382668224386394
      ],
      [
        0.0,
        0.0,
        0.0,
        1.0
      ]
    ],
    "frame_00287.png": [
      [
        -0.009222319073814109,
        -0.9835725325957536,
        -0.18027762466284014,
        -0.41988775705352016
      ],
      [
        -0.31014946104143504,
        0.17420780232650074,
        -0.9345902596455186,
        0.217625807861438
      ],
      [
        0.9506430774200209,
        0.04729391854928026,
        -0.30666109081793524,
        -1.8915864324842486
      ],
      [
        0.0,
        0.0,
        0.0,
        1.0
      ]
    ],
    "frame_00284.png": [
      [
        -0.003695357755793226,
        -0.9826312161176067,
        -0.18553230835164555,
        -0.47466013926708933
      ],
      [
        -0.035306151284977244,
        0.1855461059787481,
        -0.9820010785317725,
        0.05819462755282323
      ],
      [
        0.9993697113743734,
        0.002921586445164581,
        -0.03537858561537523,
        -1.4149329371594697
      ],
      [
        0.0,
        0.0,
        0.0,
        1.0
      ]
    ],
    "frame_00407.png": [
      [
        0.013000886181011527,
        -0.9127968073346532,
        0.40820701301934126,
        0.6923143540661459
      ],
      [
        0.34044586933664167,
        -0.37980978355281425,
        -0.8601401853007348,
        0.01084622593638501
      ],
      [
        0.9401742322623643,
        0.15015497606549236,
        0.3058200388343522,
        0.0822638564389744
      ],
      [
        0.0,
        0.0,
        0.0,
        1.0
      ]
    ],
    "frame_00379.png": [
      [
        0.016128148502683404,
        -0.998355265137698,
        -0.055014974304385046,
        -0.6142271917824934
      ],
      [
        0.8129335579753442,
        0.0451273232129565,
        -0.5806053349885624,
        1.0682610449476908
      ],
      [
        0.5821330716798546,
        -0.035359429739040105,
        0.8123243179821141,
        0.19617929783779822
      ],
      [
        0.0,
        0.0,
        0.0,
        1.0
      ]
    ]
  }
}