{
  "scene": "8cb2e97d26a639f05a571476240a8fa86988e6853f0f13cc05830d1578002aad",
  "data_factor": 4,
  "intrinsics": {
    "w": 960,
    "h": 540,
    "fl_x": 420.97191418974273,
    "fl_y": 421.204331045168,
    "cx": 480.0,
    "cy": 270.0,
    "k1": -0.0031938816739999175,
    "k2": 0.0006511754470925085,
    "p1": -0.0008164312440722344,
    "p2": 0.00023394756672612642,
    "camera_model": "OPENCV"
  },
  "num_training_frames": 16,
  "num_closeup_pairs": 8,
  "training_frames": [
    "frame_00011.png",
    "frame_00001.png",
    "frame_00005.png",
    "frame_00007.png",
    "frame_00003.png",
    "frame_00006.png",
    "frame_00009.png",
    "frame_00002.png",
    "frame_00130.png",
    "frame_00060.png",
    "frame_00169.png",
    "frame_00034.png",
    "frame_00085.png",
    "frame_00107.png",
    "frame_00046.png",
    "frame_00023.png"
  ],
  "closeup_eval_pairs": [
    {
      "training_frame": "frame_00011.png",
      "closeup_frame": "frame_00193.png",
      "depth_ratio": 2.0917,
      "iou": 0.726,
      "angle_deg": 41.5,
      "pair_score": 1.6777
    },
    {
      "training_frame": "frame_00001.png",
      "closeup_frame": "frame_00222.png",
      "depth_ratio": 2.4279,
      "iou": 0.6512,
      "angle_deg": 35.0,
      "pair_score": 1.8631
    },
    {
      "training_frame": "frame_00005.png",
      "closeup_frame": "frame_00226.png",
      "depth_ratio": 2.0694,
      "iou": 0.7452,
      "angle_deg": 34.9,
      "pair_score": 1.7683
    },
    {
      "training_frame": "frame_00007.png",
      "closeup_frame": "frame_00195.png",
      "depth_ratio": 2.2313,
      "iou": 0.6882,
      "angle_deg": 39.8,
      "pair_score": 1.7357
    },
    {
      "training_frame": "frame_00003.png",
      "closeup_frame": "frame_00225.png",
      "depth_ratio": 2.1478,
      "iou": 0.7274,
      "angle_deg": 35.2,
      "pair_score": 1.7987
    },
    {
      "training_frame": "frame_00006.png",
      "closeup_frame": "frame_00196.png",
      "depth_ratio": 2.2905,
      "iou": 0.6728,
      "angle_deg": 39.6,
      "pair_score": 1.7519
    },
    {
      "training_frame": "frame_00009.png",
      "closeup_frame": "frame_00192.png",
      "depth_ratio": 2.0049,
      "iou": 0.7397,
      "angle_deg": 43.0,
      "pair_score": 1.6096
    },
    {
      "training_frame": "frame_00002.png",
      "closeup_frame": "frame_00223.png",
      "depth_ratio": 2.3404,
      "iou": 0.6629,
      "angle_deg": 35.4,
      "pair_score": 1.8122
    }
  ],
  "closeup_poses": {
    "frame_00223.png": [
      [
        -0.22488103598001288,
        -0.8378950249688978,
        0.4973534425224444,
        0.507629620840644
      ],
      [
        0.871454453254997,
        0.05538444650941551,
        0.4873394084074055,
        1.8475506400685773
      ],
      [
        -0.4358849109095089,
        0.5430142633644313,
        0.7177324391611357,
        -1.2230865144009961
      ],
      [
        0.0,
        0.0,
        0.0,
        1.0
      ]
    ],
    "frame_00193.png": [
      [
        -0.02228961253478968,
        -0.930696174709824,
        0.3651134119058758,
        0.9897040146728393
      ],
      [
        0.9933151719651511,
        0.020757383807516884,
        0.11355219135406289,
        -0.7174849901818074
      ],
      [
        -0.11326138934734656,
        0.3652037258818265,
        0.9240119567868917,
        -0.2259939181391936
      ],
      [
        0.0,
        0.0,
        0.0,
        1.0
      ]
    ],
    "frame_00222.png": [
      [
        -0.2169110230964598,
        -0.8424906561494803,
        0.49311165303617127,
        0.4519430749613528
      ],
      [
        0.8741951138632372,
        0.057158336959536794,
        0.4821989500337612,
        1.7357909149102841
      ],
      [
        -0.43443355183144955,
        0.5356700652611068,
        0.7241029417329229,
        -1.2521120542657123
      ],
      [
        0.0,
        0.0,
        0.0,
        1.0
      ]
    ],
    "frame_00195.png": [
      [
        -0.027956245183378158,
        -0.9367848381079109,
        0.3487873498944332,
        0.8823265449129286
      ],
      [
        0.9903798836004593,
        0.021347897865348985,
        0.13671851892216866,
        -0.5683100787558365
      ],
      [
        -0.1355217123371292,
        0.34925411142585794,
        0.9271760518571145,
        -0.43432889380704054
      ],
      [
        0.0,
        0.0,
        0.0,
        1.0
      ]
    ],
    "frame_00225.png": [
      [
        -0.2471913803532015,
        -0.8332870737168137,
        0.4944988111770833,
        0.7731214688578497
      ],
      [
        0.8651854680202298,
        0.03997637336040028,
        0.499855974756295,
        2.0904587848592224
      ],
      [
        -0.4362917915864276,
        0.5513932737614956,
        0.7110660519564167,
        -1.1821736190106187
      ],
      [
        0.0,
        0.0,
        0.0,
        1.0
      ]
    ],
    "frame_00196.png": [
      [
        -0.025364050003005026,
        -0.9391452130410646,
        0.34258274006362077,
        0.8275073494655726
      ],
      [
        0.9907478554127661,
        0.022088657375079788,
        0.13390585577326686,
        -0.5306829737887763
      ],
      [
        -0.1333242362155121,
        0.34280950984098985,
        0.9298958479314394,
        -0.5218980114074935
      ],
      [
        0.0,
        0.0,
        0.0,
        1.0
      ]
    ],
    "frame_00226.png": [
      [
        -0.2543631835350838,
        -0.8348068544509938,
        0.48825903639721263,
        0.884795417760324
      ],
      [
        0.8638621228483179,
        0.03084967376822852,
        0.5027827864360431,
        2.1669634424789987
      ],
      [
        -0.43478914840402255,
        0.5496779178664823,
        0.713311000223657,
        -1.165942282448377
      ],
      [
        0.0,
        0.0,
        0.0,
        1.0
      ]
    ],
    "frame_00192.png": [
      [
        -0.009050127811941958,
        -0.9277884980313156,
        0.37299678029090705,
        1.0198008889147316
      ],
      [
        0.9959011089019213,
        0.025207673345653464,
        0.08686515119668133,
        -0.8375269732617122
      ],
      [
        -0.08999486915658575,
        0.37225404782929433,
        0.9237574613502153,
        -0.10499664178146526
      ],
      [
        0.0,
        0.0,
        0.0,
        1.0
      ]
    ]
  }
}