{
  "scene": "918c8dad730c3b804306c5da8486124be4aa0612e85fb825338fd350c912e1b0",
  "data_factor": 4,
  "intrinsics": {
    "w": 960,
    "h": 540,
    "fl_x": 452.9550917441874,
    "fl_y": 452.0711395155353,
    "cx": 480.0,
    "cy": 270.0,
    "k1": 0.030039098606584717,
    "k2": -0.027945923011674412,
    "p1": 0.00044293095216615095,
    "p2": 0.0023106743084577437,
    "camera_model": "OPENCV"
  },
  "num_training_frames": 16,
  "num_closeup_pairs": 6,
  "training_frames": [
    "frame_00099.png",
    "frame_00117.png",
    "frame_00091.png",
    "frame_00103.png",
    "frame_00094.png",
    "frame_00102.png",
    "frame_00154.png",
    "frame_00027.png",
    "frame_00045.png",
    "frame_00069.png",
    "frame_00037.png",
    "frame_00016.png",
    "frame_00053.png",
    "frame_00111.png",
    "frame_00128.png",
    "frame_00135.png"
  ],
  "closeup_eval_pairs": [
    {
      "training_frame": "frame_00099.png",
      "closeup_frame": "frame_00247.png",
      "depth_ratio": 2.1627,
      "iou": 0.6534,
      "angle_deg": 12.9,
      "pair_score": 1.7159
    },
    {
      "training_frame": "frame_00117.png",
      "closeup_frame": "frame_00213.png",
      "depth_ratio": 2.1212,
      "iou": 0.6523,
      "angle_deg": 27.8,
      "pair_score": 1.605
    },
    {
      "training_frame": "frame_00091.png",
      "closeup_frame": "frame_00245.png",
      "depth_ratio": 2.2805,
      "iou": 0.6504,
      "angle_deg": 14.6,
      "pair_score": 1.813
    },
    {
      "training_frame": "frame_00103.png",
      "closeup_frame": "frame_00253.png",
      "depth_ratio": 2.0909,
      "iou": 0.656,
      "angle_deg": 25.3,
      "pair_score": 1.6202
    },
    {
      "training_frame": "frame_00094.png",
      "closeup_frame": "frame_00246.png",
      "depth_ratio": 2.2299,
      "iou": 0.6791,
      "angle_deg": 14.9,
      "pair_score": 1.8392
    },
    {
      "training_frame": "frame_00102.png",
      "closeup_frame": "frame_00252.png",
      "depth_ratio": 2.0755,
      "iou": 0.6501,
      "angle_deg": 19.0,
      "pair_score": 1.6172
    }
  ],
  "closeup_poses": {
    "frame_00246.png": [
      [
        -0.25894344924466506,
        -0.9319789670602495,
        -0.25369961578722605,
        -0.22789343848926646
      ],
      [
        -0.3950883115940791,
        -0.13748076874488824,
        0.9082974536279701,
        0.5155429762971456
      ],
      [
        -0.881392940824361,
        0.3354314284360144,
        -0.33261425207341827,
        -1.9864194818607543
      ],
      [
        0.0,
        0.0,
        0.0,
        1.0
      ]
    ],
    "frame_00247.png": [
      [
        -0.30701957515995976,
        -0.9268829742879113,
        -0.21593270350688604,
        -0.21641075946036253
      ],
      [
        -0.2157038977647429,
        -0.15321492442502718,
        0.9643635286667213,
        0.6497744189585342
      ],
      [
        -0.9269362485940955,
        0.34265600667233054,
        -0.1528922893205433,
        -2.000426012704377
      ],
      [
        0.0,
        0.0,
        0.0,
        1.0
      ]
    ],
    "frame_00213.png": [
      [
        -0.14914501683560316,
        -0.9659270075267901,
        -0.21152016472064258,
        0.5452920138689912
      ],
      [
        0.8888241855856834,
        -0.22469636201882645,
        0.39937840704456073,
        -1.9027319829271878
      ],
      [
        -0.4332982010937203,
        -0.1284389389003374,
        0.8920516284964124,
        1.681359622512682
      ],
      [
        0.0,
        0.0,
        0.0,
        1.0
      ]
    ],
    "frame_00253.png": [
      [
        -0.4038611673339594,
        -0.8131015568237618,
        -0.41923980704416225,
        0.24939377222400524
      ],
      [
        -0.10482450810189961,
        -0.4141262502743192,
        0.9041632990422286,
        1.0487299679917739
      ],
      [
        -0.9087947953310727,
        0.40910305196185803,
        0.08201654012848247,
        -1.5326550515330122
      ],
      [
        0.0,
        0.0,
        0.0,
        1.0
      ]
    ],
    "frame_00252.png": [
      [
        -0.38109104697686225,
        -0.8553117498455395,
        -0.3510148493870884,
        0.20683038413914828
      ],
      [
        -0.02569970472068603,
        -0.36971849001812496,
        0.9287883307384878,
        1.0206651530002118
      ],
      [
        -0.9241802524893875,
        0.36297389536284685,
        0.11891514703254819,
        -1.6433170033035112
      ],
      [
        0.0,
        0.0,
        0.0,
        1.0
      ]
    ],
    "frame_00245.png": [
      [
        -0.23190191439398702,
        -0.9423458259281638,
        -0.24125887850226446,
        -0.22647360266602035
      ],
      [
        -0.4891480324153176,
        -0.10141140498244357,
        0.8662851316533777,
        0.34302657163268346
      ],
      [
        -0.8408065797105938,
        0.3189044861635742,
        -0.4374291076507362,
        -1.921424505220927
      ],
      [
        0.0,
        0.0,
        0.0,
        1.0
      ]
    ]
  }
}