{
  "scene": "a17a984ca90a9b5840fdf85b15104b0d18e25975981c1aa90fcdfd6eeeb285f3",
  "data_factor": 4,
  "intrinsics": {
    "w": 960,
    "h": 540,
    "fl_x": 431.77214432649396,
    "fl_y": 432.1005069484557,
    "cx": 480.0,
    "cy": 270.0,
    "k1": -0.0017349394156607198,
    "k2": 0.0018953373134498218,
    "p1": -7.016759383192353e-07,
    "p2": 0.0011417988053913535,
    "camera_model": "OPENCV"
  },
  "num_training_frames": 16,
  "num_closeup_pairs": 8,
  "training_frames": [
    "frame_00018.png",
    "frame_00309.png",
    "frame_00001.png",
    "frame_00013.png",
    "frame_00317.png",
    "frame_00022.png",
    "frame_00010.png",
    "frame_00016.png",
    "frame_00213.png",
    "frame_00240.png",
    "frame_00124.png",
    "frame_00093.png",
    "frame_00225.png",
    "frame_00105.png",
    "frame_00084.png",
    "frame_00303.png"
  ],
  "closeup_eval_pairs": [
    {
      "training_frame": "frame_00018.png",
      "closeup_frame": "frame_00274.png",
      "depth_ratio": 2.2647,
      "iou": 0.8147,
      "angle_deg": 51.0,
      "pair_score": 1.9971
    },
    {
      "training_frame": "frame_00309.png",
      "closeup_frame": "frame_00284.png",
      "depth_ratio": 2.0326,
      "iou": 0.6673,
      "angle_deg": 51.2,
      "pair_score": 1.4404
    },
    {
      "training_frame": "frame_00001.png",
      "closeup_frame": "frame_00053.png",
      "depth_ratio": 2.4784,
      "iou": 0.7389,
      "angle_deg": 57.8,
      "pair_score": 1.8363
    },
    {
      "training_frame": "frame_00013.png",
      "closeup_frame": "frame_00275.png",
      "depth_ratio": 2.4437,
      "iou": 0.7689,
      "angle_deg": 55.4,
      "pair_score": 1.9608
    },
    {
      "training_frame": "frame_00317.png",
      "closeup_frame": "frame_00277.png",
      "depth_ratio": 2.4017,
      "iou": 0.7143,
      "angle_deg": 56.9,
      "pair_score": 1.7656
    },
    {
      "training_frame": "frame_00022.png",
      "closeup_frame": "frame_00279.png",
      "depth_ratio": 2.0932,
      "iou": 0.7172,
      "angle_deg": 45.2,
      "pair_score": 1.7019
    },
    {
      "training_frame": "frame_00010.png",
      "closeup_frame": "frame_00047.png",
      "depth_ratio": 2.1499,
      "iou": 0.8401,
      "angle_deg": 37.8,
      "pair_score": 2.0753
    },
    {
      "training_frame": "frame_00016.png",
      "closeup_frame": "frame_00272.png",
      "depth_ratio": 2.297,
      "iou": 0.828,
      "angle_deg": 53.2,
      "pair_score": 2.0161
    }
  ],
  "closeup_poses": {
    "frame_00275.png": [
      [
        0.2420378719492646,
        -0.9700572450661727,
        -0.020164568849809744,
        1.350248731764121
      ],
      [
        0.6530882344354739,
        0.17825061226135255,
        -0.7360044003064169,
        -0.5861495330572991
      ],
      [
        0.7175607476612883,
        0.164971696127185,
        0.676676372346998,
        1.789209468904449
      ],
      [
        0.0,
        0.0,
        0.0,
        1.0
      ]
    ],
    "frame_00274.png": [
      [
        0.24303269665152716,
        -0.9697984685824589,
        -0.020640704770041037,
        1.3063436202481828
      ],
      [
        0.6470192680456582,
        0.17792392066879315,
        -0.741423728532818,
        -0.7326733505573645
      ],
      [
        0.7227040716198763,
        0.16683527441450208,
        0.670719625532972,
        1.7175420054037536
      ],
      [
        0.0,
        0.0,
        0.0,
        1.0
      ]
    ],
    "frame_00272.png": [
      [
        0.24316984596681127,
        -0.9695121637701914,
        -0.03024219426759058,
        1.2509941626101235
      ],
      [
        0.6419660130095385,
        0.18423197655932694,
        -0.7442702580069156,
        -0.9296526998921509
      ],
      [
        0.7271506474954929,
        0.16156962311859552,
        0.6671935197018932,
        1.583632713146498
      ],
      [
        0.0,
        0.0,
        0.0,
        1.0
      ]
    ],
    "frame_00277.png": [
      [
        0.23853800040032846,
        -0.9709337615139825,
        -0.01967874785961772,
        1.410962898249247
      ],
      [
        0.6702911434942591,
        0.17927170428142064,
        -0.7201190450176925,
        -0.30081831348362104
      ],
      [
        0.702715735783803,
        0.15858526664335615,
        0.6935714151300384,
        1.9092401022128054
      ],
      [
        0.0,
        0.0,
        0.0,
        1.0
      ]
    ],
    "frame_00279.png": [
      [
        0.23349753252005992,
        -0.9722499561199535,
        -0.014454242691762294,
        1.4565263564096405
      ],
      [
        0.6916439183026976,
        0.17651836136715351,
        -0.7003356041035945,
        -0.11555204944087544
      ],
      [
        0.6834526995937137,
        0.15352944644270622,
        0.7136673710441449,
        1.9908530524723635
      ],
      [
        0.0,
        0.0,
        0.0,
        1.0
      ]
    ],
    "frame_00284.png": [
      [
        0.2162130208405658,
        -0.9761879384758537,
        0.017579487855449993,
        1.6568580157373298
      ],
      [
        0.7597819593842781,
        0.15691941338580362,
        -0.6309577417678957,
        0.49849465541719984
      ],
      [
        0.6131747742798821,
        0.1497778570981643,
        0.7756180050191573,
        2.4804380603486047
      ],
      [
        0.0,
        0.0,
        0.0,
        1.0
      ]
    ],
    "frame_00053.png": [
      [
        0.25387125635031466,
        -0.967200883628378,
        0.00847560662121989,
        -0.09993218294705326
      ],
      [
        0.7114995592788864,
        0.18080434075726518,
        -0.6790273687483303,
        -0.49732245556934906
      ],
      [
        0.6552234445935696,
        0.1784159215760062,
        0.7340640275773782,
        2.1880486143297344
      ],
      [
        0.0,
        0.0,
        0.0,
        1.0
      ]
    ],
    "frame_00047.png": [
      [
        0.19091332481979106,
        -0.9815931005398458,
        -0.0052045536624192494,
        0.26786659286689124
      ],
      [
        0.8621059072076923,
        0.17020451343074786,
        -0.47728799310835845,
        0.09751792578996002
      ],
      [
        0.46938843952941045,
        0.0866337612041312,
        0.8787315200081139,
        2.762929159324051
      ],
      [
        0.0,
        0.0,
        0.0,
        1.0
      ]
    ]
  }
}