{
  "scene": "a401469cb0fa576b93e836a4a6d712394f1a55a0a53a42250286980bd078e669",
  "data_factor": 4,
  "intrinsics": {
    "w": 960,
    "h": 540,
    "fl_x": 451.24687256600726,
    "fl_y": 451.49054963808743,
    "cx": 480.0,
    "cy": 270.0,
    "k1": 0.027828959311049704,
    "k2": -0.026965124920365964,
    "p1": -9.008495524112775e-05,
    "p2": 0.0018994005932474623,
    "camera_model": "OPENCV"
  },
  "num_training_frames": 16,
  "num_closeup_pairs": 8,
  "training_frames": [
    "frame_00191.png",
    "frame_00060.png",
    "frame_00087.png",
    "frame_00026.png",
    "frame_00048.png",
    "frame_00054.png",
    "frame_00065.png",
    "frame_00141.png",
    "frame_00213.png",
    "frame_00206.png",
    "frame_00020.png",
    "frame_00013.png",
    "frame_00152.png",
    "frame_00226.png",
    "frame_00147.png",
    "frame_00220.png"
  ],
  "closeup_eval_pairs": [
    {
      "training_frame": "frame_00191.png",
      "closeup_frame": "frame_00286.png",
      "depth_ratio": 2.3206,
      "iou": 0.7003,
      "angle_deg": 58.2,
      "pair_score": 1.7087
    },
    {
      "training_frame": "frame_00060.png",
      "closeup_frame": "frame_00315.png",
      "depth_ratio": 2.0049,
      "iou": 0.8924,
      "angle_deg": 15.2,
      "pair_score": 2.3398
    },
    {
      "training_frame": "frame_00087.png",
      "closeup_frame": "frame_00290.png",
      "depth_ratio": 2.3154,
      "iou": 0.748,
      "angle_deg": 27.9,
      "pair_score": 2.2624
    },
    {
      "training_frame": "frame_00026.png",
      "closeup_frame": "frame_00332.png",
      "depth_ratio": 2.0217,
      "iou": 0.7469,
      "angle_deg": 23.9,
      "pair_score": 1.9167
    },
    {
      "training_frame": "frame_00048.png",
      "closeup_frame": "frame_00329.png",
      "depth_ratio": 2.022,
      "iou": 0.7449,
      "angle_deg": 22.7,
      "pair_score": 1.9337
    },
    {
      "training_frame": "frame_00054.png",
      "closeup_frame": "frame_00321.png",
      "depth_ratio": 2.089,
      "iou": 0.8071,
      "angle_deg": 10.4,
      "pair_score": 2.237
    },
    {
      "training_frame": "frame_00065.png",
      "closeup_frame": "frame_00271.png",
      "depth_ratio": 2.2513,
      "iou": 0.8127,
      "angle_deg": 23.5,
      "pair_score": 2.4446
    },
    {
      "training_frame": "frame_00141.png",
      "closeup_frame": "frame_00318.png",
      "depth_ratio": 2.0319,
      "iou": 0.8355,
      "angle_deg": 33.7,
      "pair_score": 2.0689
    }
  ],
  "closeup_poses": {
    "frame_00318.png": [
      [
        -0.004433201924654332,
        -0.9236657524227173,
        -0.38317349141357715,
        -0.7731606487693699
      ],
      [
        -0.9921623486955651,
        -0.043787645065241146,
        0.11703211512460757,
        -0.28506723656035027
      ],
      [
        -0.12487682151461967,
        0.3806891381967916,
        -0.9162322628610003,
        -1.8367604951147012
      ],
      [
        0.0,
        0.0,
        0.0,
        1.0
      ]
    ],
    "frame_00321.png": [
      [
        -0.15966276551392025,
        -0.93605890303169,
        -0.31353075026790633,
        -0.8772863325275221
      ],
      [
        -0.8238597094095786,
        -0.04862140236379041,
        0.5647044700051022,
        0.2058288252822952
      ],
      [
        -0.5438409514922646,
        0.3484676301857717,
        -0.7634181882773693,
        -1.5571962696791328
      ],
      [
        0.0,
        0.0,
        0.0,
        1.0
      ]
    ],
    "frame_00332.png": [
      [
        -0.32437878256751446,
        -0.9459062883583593,
        0.006300719334281202,
        -0.9615163408732753
      ],
      [
        0.06312308377926121,
        -0.014999736636639272,
        0.997893022420253,
        1.396083019510434
      ],
      [
        -0.9438187758856111,
        0.32409304457970656,
        0.06457411819640109,
        0.34017505434439727
      ],
      [
        0.0,
        0.0,
        0.0,
        1.0
      ]
    ],
    "frame_00286.png": [
      [
        0.15194374212551953,
        -0.9707746951370793,
        -0.18576757120230747,
        -0.3429882154612876
      ],
      [
        0.16453982531731345,
        0.21017089429079758,
        -0.9637192750368512,
        -2.0813405705510606
      ],
      [
        0.9745972219914447,
        0.11586494929234276,
        0.191665250924734,
        0.2911497474106926
      ],
      [
        0.0,
        0.0,
        0.0,
        1.0
      ]
    ],
    "frame_00271.png": [
      [
        0.021168899944065653,
        -0.8752350367902157,
        -0.4832344234944236,
        -0.6326420047219292
      ],
      [
        -0.7473976138347836,
        0.3071768745556496,
        -0.589100309431504,
        -1.4271596446118255
      ],
      [
        0.6640396708851282,
        0.3736388605499333,
        -0.6476459815190068,
        -1.1022900264812594
      ],
      [
        0.0,
        0.0,
        0.0,
        1.0
      ]
    ],
    "frame_00290.png": [
      [
        0.06661013962342746,
        -0.925665352845799,
        -0.37243354285054714,
        -0.7344671708284176
      ],
      [
        0.21100884679700707,
        0.3778888330330367,
        -0.9014850505928129,
        -1.9436579604465332
      ],
      [
        0.9752119543323619,
        -0.018538727296997792,
        0.22049480655440135,
        0.20407934512519815
      ],
      [
        0.0,
        0.0,
        0.0,
        1.0
      ]
    ],
    "frame_00329.png": [
      [
        -0.29114626628684537,
        -0.9474131932782037,
        -0.1328235401938455,
        -0.9063395805644439
      ],
      [
        -0.33749273283234954,
        -0.028197494631807075,
        0.9409057107818196,
        1.1961566889099848
      ],
      [
        -0.8951717750870953,
        0.3187681641865856,
        -0.31153547244019,
        -0.30188632932626625
      ],
      [
        0.0,
        0.0,
        0.0,
        1.0
      ]
    ],
    "frame_00315.png": [
      [
        0.046463534341026846,
        -0.9157868368184118,
        -0.3989681810453912,
        -0.5398969618063537
      ],
      [
        -0.9848142324881806,
        0.024887965599988106,
        -0.17181826636597397,
        -0.8455118484931008
      ],
      [
        0.16727841302826613,
        0.4008928269231336,
        -0.9007235279797694,
        -1.966445969162775
      ],
      [
        0.0,
        0.0,
        0.0,
        1.0
      ]
    ]
  }
}