{
  "scene": "a62c330f5403e2e41a82a74c4e865b705c5706843b992fae2fe2e538b122d984",
  "data_factor": 4,
  "intrinsics": {
    "w": 960,
    "h": 540,
    "fl_x": 450.84603699936935,
    "fl_y": 450.72492035426177,
    "cx": 480.0,
    "cy": 270.0,
    "k1": 0.028313112248583155,
    "k2": -0.026664032379809497,
    "p1": -3.409330931090101e-05,
    "p2": 0.0015458939107852838,
    "camera_model": "OPENCV"
  },
  "num_training_frames": 16,
  "num_closeup_pairs": 7,
  "training_frames": [
    "frame_00201.png",
    "frame_00001.png",
    "frame_00143.png",
    "frame_00198.png",
    "frame_00144.png",
    "frame_00199.png",
    "frame_00002.png",
    "frame_00382.png",
    "frame_00124.png",
    "frame_00229.png",
    "frame_00272.png",
    "frame_00038.png",
    "frame_00130.png",
    "frame_00277.png",
    "frame_00136.png",
    "frame_00262.png"
  ],
  "closeup_eval_pairs": [
    {
      "training_frame": "frame_00201.png",
      "closeup_frame": "frame_00297.png",
      "depth_ratio": 2.0734,
      "iou": 0.6598,
      "angle_deg": 18.2,
      "pair_score": 1.8164
    },
    {
      "training_frame": "frame_00001.png",
      "closeup_frame": "frame_00179.png",
      "depth_ratio": 2.0754,
      "iou": 0.6623,
      "angle_deg": 57.8,
      "pair_score": 1.3819
    },
    {
      "training_frame": "frame_00143.png",
      "closeup_frame": "frame_00161.png",
      "depth_ratio": 2.0366,
      "iou": 0.663,
      "angle_deg": 39.6,
      "pair_score": 1.6201
    },
    {
      "training_frame": "frame_00198.png",
      "closeup_frame": "frame_00299.png",
      "depth_ratio": 2.0215,
      "iou": 0.6858,
      "angle_deg": 21.4,
      "pair_score": 1.7924
    },
    {
      "training_frame": "frame_00144.png",
      "closeup_frame": "frame_00159.png",
      "depth_ratio": 2.0381,
      "iou": 0.6621,
      "angle_deg": 30.7,
      "pair_score": 1.6991
    },
    {
      "training_frame": "frame_00199.png",
      "closeup_frame": "frame_00298.png",
      "depth_ratio": 2.098,
      "iou": 0.6872,
      "angle_deg": 18.0,
      "pair_score": 1.9012
    },
    {
      "training_frame": "frame_00002.png",
      "closeup_frame": "frame_00178.png",
      "depth_ratio": 2.0298,
      "iou": 0.6633,
      "angle_deg": 59.5,
      "pair_score": 1.3255
    }
  ],
  "closeup_poses": {
    "frame_00178.png": [
      [
        0.31993426929560537,
        -0.945531251678885,
        -0.060105868505896755,
        0.20543794928882836
      ],
      [
        -0.2875285507573317,
        -0.03644958089673999,
        -0.9570782416040184,
        -2.094571766960104
      ],
      [
        0.9027565540219994,
        0.3234842811498157,
        -0.2835287005213252,
        -1.6516808521131923
      ],
      [
        0.0,
        0.0,
        0.0,
        1.0
      ]
    ],
    "frame_00161.png": [
      [
        0.30348632331587433,
        -0.9204109890430308,
        -0.24645417993826518,
        -0.06884398053226176
      ],
      [
        -0.5002189657496342,
        0.06624152867474503,
        -0.8633614805996377,
        -1.156326459210906
      ],
      [
        0.8109728958877593,
        0.385299456433127,
        -0.4403036350153812,
        -2.1258808577432244
      ],
      [
        0.0,
        0.0,
        0.0,
        1.0
      ]
    ],
    "frame_00159.png": [
      [
        0.3637014998394357,
        -0.8910202253133495,
        -0.2716692420887809,
        -0.16367541496401086
      ],
      [
        -0.6067636663146326,
        -0.005320444733858469,
        -0.7948644828574608,
        -0.8271042804823117
      ],
      [
        0.7067949294208109,
        0.45393242993906235,
        -0.542573752401135,
        -2.410976448832913
      ],
      [
        0.0,
        0.0,
        0.0,
        1.0
      ]
    ],
    "frame_00297.png": [
      [
        0.09437214949012246,
        -0.948141452051836,
        -0.30351554210888454,
        -0.6437247783974422
      ],
      [
        0.11302642369772126,
        0.3131092180950054,
        -0.9429674676732158,
        -1.2655095107715164
      ],
      [
        0.98910005810672,
        0.05468459056233664,
        0.13671382742178068,
        -0.9439583279565478
      ],
      [
        0.0,
        0.0,
        0.0,
        1.0
      ]
    ],
    "frame_00299.png": [
      [
        0.1374093318598134,
        -0.9389318292830604,
        -0.3154769333517201,
        -0.455831994357796
      ],
      [
        0.07148592414582575,
        0.327068014300851,
        -0.9422930948862541,
        -1.5910225220372711
      ],
      [
        0.987931393451416,
        0.10692770445709722,
        0.11206260684402607,
        -0.7400464264987903
      ],
      [
        0.0,
        0.0,
        0.0,
        1.0
      ]
    ],
    "frame_00179.png": [
      [
        0.3696029462147161,
        -0.9238811209851644,
        -0.09918334757708916,
        0.25363418859649534
      ],
      [
        -0.31306711700173556,
        -0.023316225044214284,
        -0.94944475031563,
        -2.0959281641586744
      ],
      [
        0.8748614989823378,
        0.38196862166529283,
        -0.29785454447010395,
        -1.4314710407472366
      ],
      [
        0.0,
        0.0,
        0.0,
        1.0
      ]
    ],
    "frame_00298.png": [
      [
        0.1260344042335033,
        -0.943476642837134,
        -0.30654062270811183,
        -0.5233899939898402
      ],
      [
        0.1022646711252415,
        0.31971503043649574,
        -0.9419788937936115,
        -1.4351430009536466
      ],
      [
        0.9867407288589801,
        0.08737347271204063,
        0.13677942197964663,
        -0.7961113722948375
      ],
      [
        0.0,
        0.0,
        0.0,
        1.0
      ]
    ]
  }
}