{
  "scene": "a62f9a1c6362e7c8a3440261ea0921a0a4b60cf5822bd19579836694f26b3abd",
  "data_factor": 4,
  "intrinsics": {
    "w": 960,
    "h": 540,
    "fl_x": 420.98697431520986,
    "fl_y": 420.22614049471105,
    "cx": 480.0,
    "cy": 270.0,
    "k1": -0.0029909178870033415,
    "k2": 0.0008627045731501238,
    "p1": 5.6889342506619175e-06,
    "p2": 0.00040573664186450406,
    "camera_model": "OPENCV"
  },
  "num_training_frames": 16,
  "num_closeup_pairs": 8,
  "training_frames": [
    "frame_00148.png",
    "frame_00141.png",
    "frame_00152.png",
    "frame_00145.png",
    "frame_00150.png",
    "frame_00143.png",
    "frame_00144.png",
    "frame_00146.png",
    "frame_00296.png",
    "frame_00096.png",
    "frame_00021.png",
    "frame_00002.png",
    "frame_00181.png",
    "frame_00116.png",
    "frame_00170.png",
    "frame_00107.png"
  ],
  "closeup_eval_pairs": [
    {
      "training_frame": "frame_00148.png",
      "closeup_frame": "frame_00068.png",
      "depth_ratio": 2.0333,
      "iou": 0.6879,
      "angle_deg": 35.8,
      "pair_score": 1.6605
    },
    {
      "training_frame": "frame_00141.png",
      "closeup_frame": "frame_00060.png",
      "depth_ratio": 2.0018,
      "iou": 0.6904,
      "angle_deg": 39.7,
      "pair_score": 1.6073
    },
    {
      "training_frame": "frame_00152.png",
      "closeup_frame": "frame_00059.png",
      "depth_ratio": 2.0083,
      "iou": 0.6954,
      "angle_deg": 43.6,
      "pair_score": 1.5816
    },
    {
      "training_frame": "frame_00145.png",
      "closeup_frame": "frame_00072.png",
      "depth_ratio": 2.0147,
      "iou": 0.6984,
      "angle_deg": 33.0,
      "pair_score": 1.6932
    },
    {
      "training_frame": "frame_00150.png",
      "closeup_frame": "frame_00065.png",
      "depth_ratio": 2.0018,
      "iou": 0.6909,
      "angle_deg": 37.4,
      "pair_score": 1.6256
    },
    {
      "training_frame": "frame_00143.png",
      "closeup_frame": "frame_00064.png",
      "depth_ratio": 2.0005,
      "iou": 0.6869,
      "angle_deg": 35.9,
      "pair_score": 1.6323
    },
    {
      "training_frame": "frame_00144.png",
      "closeup_frame": "frame_00063.png",
      "depth_ratio": 2.0324,
      "iou": 0.6869,
      "angle_deg": 38.3,
      "pair_score": 1.6384
    },
    {
      "training_frame": "frame_00146.png",
      "closeup_frame": "frame_00070.png",
      "depth_ratio": 2.0424,
      "iou": 0.6824,
      "angle_deg": 34.9,
      "pair_score": 1.6644
    }
  ],
  "closeup_poses": {
    "frame_00064.png": [
      [
        0.13314727050733857,
        -0.9900345390584985,
        -0.04586301154167231,
        -0.49861742371796475
      ],
      [
        0.9741761578004778,
        0.13924816406891702,
        -0.177737903601157,
        -0.25000907965757774
      ],
      [
        0.18235300362084475,
        -0.021013335638634792,
        0.9830085563187099,
        0.7885733233253424
      ],
      [
        0.0,
        0.0,
        0.0,
        1.0
      ]
    ],
    "frame_00068.png": [
      [
        0.176490758148942,
        -0.9817965462177716,
        -0.07018941603166833,
        -0.5457753545705459
      ],
      [
        0.9548280158838184,
        0.1880896933007078,
        -0.23005592223938975,
        -0.47916552865770196
      ],
      [
        0.23907001562592936,
        -0.026416076712877795,
        0.9706429407973443,
        0.7025222090619107
      ],
      [
        0.0,
        0.0,
        0.0,
        1.0
      ]
    ],
    "frame_00063.png": [
      [
        0.11686128018646459,
        -0.9924848034466865,
        -0.036295400818461075,
        -0.48533872704841025
      ],
      [
        0.9802901933588559,
        0.12113293995778598,
        -0.15607032921615918,
        -0.13086316155227365
      ],
      [
        0.15929399862404583,
        -0.017341447015043043,
        0.9870788703126955,
        0.8026936335303331
      ],
      [
        0.0,
        0.0,
        0.0,
        1.0
      ]
    ],
    "frame_00060.png": [
      [
        0.08581386877719098,
        -0.9961677077572356,
        -0.01690792557310489,
        -0.42070299141554635
      ],
      [
        0.9913666459722955,
        0.08706432783439602,
        -0.09804068580128383,
        0.29518235571779816
      ],
      [
        0.09913704241670865,
        -0.008348702919581022,
        0.9950387660691559,
        0.8497776819612795
      ],
      [
        0.0,
        0.0,
        0.0,
        1.0
      ]
    ],
    "frame_00070.png": [
      [
        0.18529624870434003,
        -0.9802456442415854,
        -0.06916485495899304,
        -0.5987811988555899
      ],
      [
        0.9504521266208502,
        0.1966525415978818,
        -0.24076655267083294,
        -0.6031196304906256
      ],
      [
        0.24961180905158106,
        -0.021124744459816335,
        0.9681155354365016,
        0.6609536502184828
      ],
      [
        0.0,
        0.0,
        0.0,
        1.0
      ]
    ],
    "frame_00065.png": [
      [
        0.14726329751528208,
        -0.9876233169360412,
        -0.053978746272742906,
        -0.5088792967128813
      ],
      [
        0.9684811062845002,
        0.15506324817414713,
        -0.19493520932769834,
        -0.34398142363069184
      ],
      [
        0.20089267775326264,
        -0.023570594178647764,
        0.9793296478281404,
        0.7806340004251492
      ],
      [
        0.0,
        0.0,
        0.0,
        1.0
      ]
    ],
    "frame_00072.png": [
      [
        0.20013433522562185,
        -0.9774023445590896,
        -0.06805075101858017,
        -0.6193601733809998
      ],
      [
        0.9419168276853078,
        0.21105703715496835,
        -0.2612424482939407,
        -0.7330871324949398
      ],
      [
        0.2697015713470064,
        -0.011814563799002068,
        0.9628714755849791,
        0.6537850633910945
      ],
      [
        0.0,
        0.0,
        0.0,
        1.0
      ]
    ],
    "frame_00059.png": [
      [
        0.08204257360050853,
        -0.9964970424510363,
        -0.016206804229782552,
        -0.4048204601071598
      ],
      [
        0.992533276947747,
        0.08316734875507155,
        -0.08922379868857405,
        0.36262597175686934
      ],
      [
        0.0902591284489942,
        -0.008765642440212395,
        0.9958797383440625,
        0.8686166210011544
      ],
      [
        0.0,
        0.0,
        0.0,
        1.0
      ]
    ]
  }
}