{
  "scene": "adb95f29c15b8a89e40c17d10596679be09d7719c6f08a453facd506d056ea8b",
  "data_factor": 4,
  "intrinsics": {
    "w": 960,
    "h": 540,
    "fl_x": 439.089962574667,
    "fl_y": 438.92603654132984,
    "cx": 480.0,
    "cy": 270.0,
    "k1": 0.021954305914433536,
    "k2": -0.02194852439207035,
    "p1": 0.00034187128007422775,
    "p2": 0.0012630978475539577,
    "camera_model": "OPENCV"
  },
  "num_training_frames": 16,
  "num_closeup_pairs": 8,
  "training_frames": [
    "frame_00113.png",
    "frame_00147.png",
    "frame_00073.png",
    "frame_00138.png",
    "frame_00142.png",
    "frame_00128.png",
    "frame_00135.png",
    "frame_00145.png",
    "frame_00001.png",
    "frame_00164.png",
    "frame_00153.png",
    "frame_00015.png",
    "frame_00082.png",
    "frame_00067.png",
    "frame_00150.png",
    "frame_00010.png"
  ],
  "closeup_eval_pairs": [
    {
      "training_frame": "frame_00113.png",
      "closeup_frame": "frame_00261.png",
      "depth_ratio": 2.2936,
      "iou": 0.7878,
      "angle_deg": 43.3,
      "pair_score": 2.0635
    },
    {
      "training_frame": "frame_00147.png",
      "closeup_frame": "frame_00243.png",
      "depth_ratio": 2.096,
      "iou": 0.7452,
      "angle_deg": 59.5,
      "pair_score": 1.6037
    },
    {
      "training_frame": "frame_00073.png",
      "closeup_frame": "frame_00251.png",
      "depth_ratio": 2.0696,
      "iou": 0.6525,
      "angle_deg": 47.3,
      "pair_score": 1.5363
    },
    {
      "training_frame": "frame_00138.png",
      "closeup_frame": "frame_00255.png",
      "depth_ratio": 2.3447,
      "iou": 0.7144,
      "angle_deg": 42.6,
      "pair_score": 1.967
    },
    {
      "training_frame": "frame_00142.png",
      "closeup_frame": "frame_00254.png",
      "depth_ratio": 2.2539,
      "iou": 0.6941,
      "angle_deg": 37.9,
      "pair_score": 1.8899
    },
    {
      "training_frame": "frame_00128.png",
      "closeup_frame": "frame_00259.png",
      "depth_ratio": 2.3264,
      "iou": 0.7566,
      "angle_deg": 44.0,
      "pair_score": 2.0186
    },
    {
      "training_frame": "frame_00135.png",
      "closeup_frame": "frame_00256.png",
      "depth_ratio": 2.3668,
      "iou": 0.7272,
      "angle_deg": 45.1,
      "pair_score": 1.9805
    },
    {
      "training_frame": "frame_00145.png",
      "closeup_frame": "frame_00253.png",
      "depth_ratio": 2.1307,
      "iou": 0.651,
      "angle_deg": 33.8,
      "pair_score": 1.7143
    }
  ],
  "closeup_poses": {
    "frame_00256.png": [
      [
        -0.0767762854545042,
        -0.7935907024385054,
        0.6035886007828247,
        0.20201664133114527
      ],
      [
        -0.43123901177899215,
        0.572253250378749,
        0.6975379073217701,
        0.7091461609778991
      ],
      [
        -0.8989651365385013,
        -0.2067365822347763,
        -0.38616274917992394,
        -0.7635032249018415
      ],
      [
        0.0,
        0.0,
        0.0,
        1.0
      ]
    ],
    "frame_00251.png": [
      [
        -0.0996590981964206,
        -0.8327137090338059,
        0.5446613102964426,
        0.07983356717972968
      ],
      [
        -0.36736878258378586,
        0.5395048933034706,
        0.7576111454331418,
        0.6698044680291093
      ],
      [
        -0.9247206290169927,
        -0.12458871894666974,
        -0.35967959266775823,
        -0.0017156325414664274
      ],
      [
        0.0,
        0.0,
        0.0,
        1.0
      ]
    ],
    "frame_00259.png": [
      [
        -0.07483139254284092,
        -0.7948910452416239,
        0.6021199954201635,
        0.21528933851834414
      ],
      [
        -0.5392767033659328,
        0.5401590618444823,
        0.6460718420687133,
        0.6351315932792558
      ],
      [
        -0.8387972936871404,
        -0.27636283053617616,
        -0.4690870772054606,
        -1.2510726163480657
      ],
      [
        0.0,
        0.0,
        0.0,
        1.0
      ]
    ],
    "frame_00261.png": [
      [
        -0.06421151930789125,
        -0.80609523813693,
        0.5882918900011611,
        0.2823334695685502
      ],
      [
        -0.6123814789132638,
        0.4972924484632956,
        0.6145641911024297,
        0.5800149634124802
      ],
      [
        -0.7879503823669199,
        -0.32079695720867824,
        -0.525569697731402,
        -1.5330810271996544
      ],
      [
        0.0,
        0.0,
        0.0,
        1.0
      ]
    ],
    "frame_00254.png": [
      [
        -0.09829347451575864,
        -0.8046595320155326,
        0.5855437049479432,
        0.20738238888869545
      ],
      [
        -0.4039730167548576,
        0.5699955969701309,
        0.7154794344833706,
        0.6967039233129162
      ],
      [
        -0.9094746805720321,
        -0.16621689736969622,
        -0.3810875862937448,
        -0.4844871830671453
      ],
      [
        0.0,
        0.0,
        0.0,
        1.0
      ]
    ],
    "frame_00253.png": [
      [
        -0.10928722791237257,
        -0.8169050018324369,
        0.5663236881822757,
        0.15327831675247308
      ],
      [
        -0.39373646072786905,
        0.5587104720635826,
        0.7299412359224409,
        0.6648135417947181
      ],
      [
        -0.9127036218339012,
        -0.14320903039834776,
        -0.38270520286983917,
        -0.2811355416216738
      ],
      [
        0.0,
        0.0,
        0.0,
        1.0
      ]
    ],
    "frame_00255.png": [
      [
        -0.08664159188005849,
        -0.7989534459278763,
        0.5951190013740624,
        0.20662185067834768
      ],
      [
        -0.4106742395514206,
        0.5728919964804817,
        0.7093246290221921,
        0.7107484727587012
      ],
      [
        -0.90765626947945,
        -0.18294302831367915,
        -0.3777458733938315,
        -0.6048653587456115
      ],
      [
        0.0,
        0.0,
        0.0,
        1.0
      ]
    ],
    "frame_00243.png": [
      [
        0.049870414409438034,
        -0.8558641270128332,
        0.5147907709537844,
        -0.03963701966281672
      ],
      [
        0.25470876299894546,
        0.50928759568586,
        0.822039896192431,
        0.6681114171793623
      ],
      [
        -0.9657310121447781,
        0.0901262501887039,
        0.2433944765370512,
        1.2681822926885653
      ],
      [
        0.0,
        0.0,
        0.0,
        1.0
      ]
    ]
  }
}