{
  "scene": "b4f53094fd31dcc2de1c1d1fdfeffac5259e9bdf39d77b552ff948e4bdf1fd8e",
  "data_factor": 4,
  "intrinsics": {
    "w": 960,
    "h": 540,
    "fl_x": 431.37363521869213,
    "fl_y": 431.76043289340225,
    "cx": 480.0,
    "cy": 270.0,
    "k1": -0.001750865242813066,
    "k2": 0.0014058465733193404,
    "p1": -0.0003799323265175909,
    "p2": 0.0007410538051866833,
    "camera_model": "OPENCV"
  },
  "num_training_frames": 16,
  "num_closeup_pairs": 8,
  "training_frames": [
    "frame_00018.png",
    "frame_00001.png",
    "frame_00024.png",
    "frame_00011.png",
    "frame_00007.png",
    "frame_00021.png",
    "frame_00014.png",
    "frame_00004.png",
    "frame_00286.png",
    "frame_00306.png",
    "frame_00324.png",
    "frame_00050.png",
    "frame_00034.png",
    "frame_00296.png",
    "frame_00314.png",
    "frame_00042.png"
  ],
  "closeup_eval_pairs": [
    {
      "training_frame": "frame_00018.png",
      "closeup_frame": "frame_00245.png",
      "depth_ratio": 2.2985,
      "iou": 0.664,
      "angle_deg": 34.2,
      "pair_score": 1.8007
    },
    {
      "training_frame": "frame_00001.png",
      "closeup_frame": "frame_00269.png",
      "depth_ratio": 2.3276,
      "iou": 0.8298,
      "angle_deg": 32.5,
      "pair_score": 2.228
    },
    {
      "training_frame": "frame_00024.png",
      "closeup_frame": "frame_00250.png",
      "depth_ratio": 2.0074,
      "iou": 0.6887,
      "angle_deg": 32.4,
      "pair_score": 1.6194
    },
    {
      "training_frame": "frame_00011.png",
      "closeup_frame": "frame_00233.png",
      "depth_ratio": 2.572,
      "iou": 0.6637,
      "angle_deg": 40.4,
      "pair_score": 1.959
    },
    {
      "training_frame": "frame_00007.png",
      "closeup_frame": "frame_00235.png",
      "depth_ratio": 2.7179,
      "iou": 0.661,
      "angle_deg": 41.7,
      "pair_score": 2.0477
    },
    {
      "training_frame": "frame_00021.png",
      "closeup_frame": "frame_00247.png",
      "depth_ratio": 2.1382,
      "iou": 0.6774,
      "angle_deg": 32.9,
      "pair_score": 1.7063
    },
    {
      "training_frame": "frame_00014.png",
      "closeup_frame": "frame_00232.png",
      "depth_ratio": 2.4891,
      "iou": 0.6633,
      "angle_deg": 39.7,
      "pair_score": 1.903
    },
    {
      "training_frame": "frame_00004.png",
      "closeup_frame": "frame_00240.png",
      "depth_ratio": 2.7293,
      "iou": 0.6737,
      "angle_deg": 39.9,
      "pair_score": 2.1057
    }
  ],
  "closeup_poses": {
    "frame_00240.png": [
      [
        0.010646681575332339,
        -0.9916989721149752,
        -0.12813975525782534,
        0.41117734229363906
      ],
      [
        0.9339329889339141,
        -0.03592631977306551,
        0.3556381190599918,
        1.5404654283050672
      ],
      [
        -0.35728954693973214,
        -0.12346031043888295,
        0.9257978890632317,
        -0.690654326143082
      ],
      [
        0.0,
        0.0,
        0.0,
        1.0
      ]
    ],
    "frame_00250.png": [
      [
        0.029584465991119174,
        -0.9916372137433258,
        -0.1256200449426505,
        0.37569973120536854
      ],
      [
        0.9491724966073087,
        -0.011528828843545962,
        0.31454516017536227,
        0.7412989448819035
      ],
      [
        -0.31336293823020683,
        -0.12854074227601706,
        0.9408936956526291,
        -0.2173693154919244
      ],
      [
        0.0,
        0.0,
        0.0,
        1.0
      ]
    ],
    "frame_00247.png": [
      [
        0.022158295504866705,
        -0.991274077026211,
        -0.1299411949927838,
        0.38119643004828163
      ],
      [
        0.9469013501363204,
        -0.020891532929255857,
        0.32084478640283326,
        0.9621350344794417
      ],
      [
        -0.3207597902641989,
        -0.13015086656530367,
        0.9381758411310578,
        -0.4058322471569741
      ],
      [
        0.0,
        0.0,
        0.0,
        1.0
      ]
    ],
    "frame_00269.png": [
      [
        0.022663745208049365,
        -0.9964511436730226,
        -0.08106462191282778,
        0.3005537772650037
      ],
      [
        0.9772741636414535,
        0.004987128519625187,
        0.21192059274177777,
        -0.6768398465618227
      ],
      [
        -0.2107642373175352,
        -0.08402527489900788,
        0.9739189850527116,
        0.5840239654156467
      ],
      [
        0.0,
        0.0,
        0.0,
        1.0
      ]
    ],
    "frame_00233.png": [
      [
        -0.006970996516944702,
        -0.9930523135728876,
        -0.1174670494866366,
        0.4322542909287326
      ],
      [
        0.8994865316551608,
        -0.057550066928527835,
        0.4331419734538455,
        2.1260035526598533
      ],
      [
        -0.4368928754037201,
        -0.10264059773821056,
        0.8936383626039185,
        -1.0283738407220964
      ],
      [
        0.0,
        0.0,
        0.0,
        1.0
      ]
    ],
    "frame_00232.png": [
      [
        -0.009106715416327217,
        -0.9926848461440226,
        -0.12039046461553245,
        0.43694553633490324
      ],
      [
        0.8987044437586018,
        -0.060915861655291524,
        0.4343035580873538,
        2.2109665378422165
      ],
      [
        -0.43846024962688257,
        -0.10424036662834185,
        0.8926850258978923,
        -1.0587792071432234
      ],
      [
        0.0,
        0.0,
        0.0,
        1.0
      ]
    ],
    "frame_00235.png": [
      [
        -0.0023809847379106966,
        -0.9937204874368467,
        -0.11186565049180008,
        0.4229059224590127
      ],
      [
        0.9080416376255271,
        -0.049006251912269844,
        0.4160033312509193,
        1.9513560259031033
      ],
      [
        -0.4188731493543466,
        -0.10058817088399054,
        0.9024562618920566,
        -0.9515118188859328
      ],
      [
        0.0,
        0.0,
        0.0,
        1.0
      ]
    ],
    "frame_00245.png": [
      [
        0.021872216771784688,
        -0.9910909451351717,
        -0.13137863069982184,
        0.4035949334141433
      ],
      [
        0.9416044317027179,
        -0.023744394539231314,
        0.3358828633999759,
        1.1123521009421493
      ],
      [
        -0.33600997058315046,
        -0.13105320369619897,
        0.932696283615236,
        -0.5570958266805641
      ],
      [
        0.0,
        0.0,
        0.0,
        1.0
      ]
    ]
  }
}