{
  "scene": "b92b499c9bf92327d5f3a44c9db49bde3400dcb1cfec48d6488831e2b304d0bb",
  "data_factor": 4,
  "intrinsics": {
    "w": 960,
    "h": 540,
    "fl_x": 433.81127656915595,
    "fl_y": 432.22103852689764,
    "cx": 480.0,
    "cy": 270.0,
    "k1": 0.04455476509283006,
    "k2": -0.03479440443595251,
    "p1": -0.0014276786350294114,
    "p2": 0.0008562599062562598,
    "camera_model": "OPENCV"
  },
  "num_training_frames": 16,
  "num_closeup_pairs": 8,
  "training_frames": [
    "frame_00014.png",
    "frame_00053.png",
    "frame_00041.png",
    "frame_00044.png",
    "frame_00050.png",
    "frame_00043.png",
    "frame_00042.png",
    "frame_00051.png",
    "frame_00093.png",
    "frame_00279.png",
    "frame_00031.png",
    "frame_00072.png",
    "frame_00036.png",
    "frame_00026.png",
    "frame_00061.png",
    "frame_00082.png"
  ],
  "closeup_eval_pairs": [
    {
      "training_frame": "frame_00014.png",
      "closeup_frame": "frame_00326.png",
      "depth_ratio": 2.0092,
      "iou": 0.7541,
      "angle_deg": 16.8,
      "pair_score": 1.8538
    },
    {
      "training_frame": "frame_00053.png",
      "closeup_frame": "frame_00163.png",
      "depth_ratio": 2.0141,
      "iou": 0.725,
      "angle_deg": 9.9,
      "pair_score": 1.8082
    },
    {
      "training_frame": "frame_00041.png",
      "closeup_frame": "frame_00167.png",
      "depth_ratio": 2.0101,
      "iou": 0.7674,
      "angle_deg": 13.0,
      "pair_score": 1.9053
    },
    {
      "training_frame": "frame_00044.png",
      "closeup_frame": "frame_00165.png",
      "depth_ratio": 2.0246,
      "iou": 0.7068,
      "angle_deg": 10.2,
      "pair_score": 1.7767
    },
    {
      "training_frame": "frame_00050.png",
      "closeup_frame": "frame_00319.png",
      "depth_ratio": 2.0128,
      "iou": 0.685,
      "angle_deg": 56.1,
      "pair_score": 1.3384
    },
    {
      "training_frame": "frame_00043.png",
      "closeup_frame": "frame_00164.png",
      "depth_ratio": 2.0128,
      "iou": 0.7296,
      "angle_deg": 11.7,
      "pair_score": 1.8163
    },
    {
      "training_frame": "frame_00042.png",
      "closeup_frame": "frame_00166.png",
      "depth_ratio": 2.0366,
      "iou": 0.7306,
      "angle_deg": 11.7,
      "pair_score": 1.8446
    },
    {
      "training_frame": "frame_00051.png",
      "closeup_frame": "frame_00318.png",
      "depth_ratio": 2.0004,
      "iou": 0.6978,
      "angle_deg": 57.7,
      "pair_score": 1.3319
    }
  ],
  "closeup_poses": {
    "frame_00319.png": [
      [
        0.11006455187674057,
        -0.9618299473792822,
        0.25053731607195656,
        -1.8582189805610387
      ],
      [
        0.15751798114753632,
        -0.23200327041216337,
        -0.9598763296035926,
        -1.8604630764566175
      ],
      [
        0.9813632762822218,
        0.1451124903046867,
        0.1259701755265726,
        -4.219703196838377
      ],
      [
        0.0,
        0.0,
        0.0,
        1.0
      ]
    ],
    "frame_00164.png": [
      [
        0.07259650325805658,
        -0.9915070004731874,
        -0.10790558709986264,
        1.0092927806141248
      ],
      [
        0.8780372196188441,
        0.11485156818730571,
        -0.46460710094544005,
        1.7521004596485554
      ],
      [
        0.4730543189515477,
        -0.061016270761000545,
        0.8789178721722001,
        0.7529728435219603
      ],
      [
        0.0,
        0.0,
        0.0,
        1.0
      ]
    ],
    "frame_00166.png": [
      [
        0.06860816709207766,
        -0.9950370090784614,
        -0.07207128396563454,
        1.1976533941222638
      ],
      [
        0.8735968125776324,
        0.09480790155736338,
        -0.47732595870797795,
        1.7121374027210976
      ],
      [
        0.48178992150362226,
        -0.030212784818332658,
        0.8757657558794216,
        0.6639465267009469
      ],
      [
        0.0,
        0.0,
        0.0,
        1.0
      ]
    ],
    "frame_00326.png": [
      [
        0.1926447095540404,
        -0.9590851319704257,
        0.207469818320908,
        -1.8725297725972379
      ],
      [
        0.21209714976601124,
        -0.16573420471698044,
        -0.963092400784039,
        -1.82640522542419
      ],
      [
        0.958072447647866,
        0.22953841295108146,
        0.1714914051430134,
        -4.087847950231139
      ],
      [
        0.0,
        0.0,
        0.0,
        1.0
      ]
    ],
    "frame_00165.png": [
      [
        0.07220082504645525,
        -0.9916936233226107,
        -0.10644622268489988,
        1.118899276808257
      ],
      [
        0.8750766243765975,
        0.11419355723756354,
        -0.4703198198620706,
        1.7095987951270857
      ],
      [
        0.4785686391023449,
        -0.05919112219500008,
        0.8760527773604888,
        0.7135543027206027
      ],
      [
        0.0,
        0.0,
        0.0,
        1.0
      ]
    ],
    "frame_00163.png": [
      [
        0.06954121530086985,
        -0.9925217177224964,
        -0.10032277519917038,
        0.8636621600659133
      ],
      [
        0.8819922976019827,
        0.10816011606740318,
        -0.4586839612010227,
        1.8246697475201803
      ],
      [
        0.4661047160727444,
        -0.05658647489878732,
        0.8829180961523415,
        0.7931167529581199
      ],
      [
        0.0,
        0.0,
        0.0,
        1.0
      ]
    ],
    "frame_00167.png": [
      [
        0.06548903770654733,
        -0.9972139838963227,
        -0.03571353051569491,
        1.2068840825231262
      ],
      [
        0.8719417974243405,
        0.07459201174470442,
        -0.483894134794263,
        1.718239467251035
      ],
      [
        0.4852099420299226,
        0.0005496412492945397,
        0.874397512605003,
        0.6443798333472194
      ],
      [
        0.0,
        0.0,
        0.0,
        1.0
      ]
    ],
    "frame_00318.png": [
      [
        0.09778002275642148,
        -0.9662610779033788,
        0.23828259793521317,
        -1.8003378194367312
      ],
      [
        0.13818784084379593,
        -0.22392840602322373,
        -0.9647591355456695,
        -1.8244746944508332
      ],
      [
        0.9855674445681952,
        0.12726192794743849,
        0.11162980741010683,
        -4.246324092545444
      ],
      [
        0.0,
        0.0,
        0.0,
        1.0
      ]
    ]
  }
}