{
  "scene": "c455899acfc8816353a55fade692d19d9c2bff68c8615f852931d5754848db74",
  "data_factor": 4,
  "intrinsics": {
    "w": 960,
    "h": 540,
    "fl_x": 451.64288811462825,
    "fl_y": 451.8965674808377,
    "cx": 480.0,
    "cy": 270.0,
    "k1": 0.033332637054505544,
    "k2": -0.02972397643746043,
    "p1": -0.00011420822714922322,
    "p2": 0.0019322058024113665,
    "camera_model": "OPENCV"
  },
  "num_training_frames": 16,
  "num_closeup_pairs": 8,
  "training_frames": [
    "frame_00139.png",
    "frame_00230.png",
    "frame_00252.png",
    "frame_00280.png",
    "frame_00241.png",
    "frame_00247.png",
    "frame_00235.png",
    "frame_00273.png",
    "frame_00202.png",
    "frame_00150.png",
    "frame_00209.png",
    "frame_00134.png",
    "frame_00145.png",
    "frame_00277.png",
    "frame_00213.png",
    "frame_00050.png"
  ],
  "closeup_eval_pairs": [
    {
      "training_frame": "frame_00139.png",
      "closeup_frame": "frame_00109.png",
      "depth_ratio": 2.0516,
      "iou": 0.6527,
      "angle_deg": 42.8,
      "pair_score": 1.4755
    },
    {
      "training_frame": "frame_00230.png",
      "closeup_frame": "frame_00306.png",
      "depth_ratio": 2.4743,
      "iou": 0.6853,
      "angle_deg": 10.0,
      "pair_score": 2.0905
    },
    {
      "training_frame": "frame_00252.png",
      "closeup_frame": "frame_00303.png",
      "depth_ratio": 2.4328,
      "iou": 0.6698,
      "angle_deg": 17.2,
      "pair_score": 2.0495
    },
    {
      "training_frame": "frame_00280.png",
      "closeup_frame": "frame_00301.png",
      "depth_ratio": 2.0641,
      "iou": 0.659,
      "angle_deg": 37.7,
      "pair_score": 1.5953
    },
    {
      "training_frame": "frame_00241.png",
      "closeup_frame": "frame_00319.png",
      "depth_ratio": 2.3772,
      "iou": 0.7796,
      "angle_deg": 13.4,
      "pair_score": 2.2362
    },
    {
      "training_frame": "frame_00247.png",
      "closeup_frame": "frame_00068.png",
      "depth_ratio": 2.1855,
      "iou": 0.8014,
      "angle_deg": 58.0,
      "pair_score": 1.6433
    },
    {
      "training_frame": "frame_00235.png",
      "closeup_frame": "frame_00305.png",
      "depth_ratio": 2.6777,
      "iou": 0.6665,
      "angle_deg": 10.6,
      "pair_score": 2.2205
    },
    {
      "training_frame": "frame_00273.png",
      "closeup_frame": "frame_00307.png",
      "depth_ratio": 2.1436,
      "iou": 0.7122,
      "angle_deg": 10.5,
      "pair_score": 1.8685
    }
  ],
  "closeup_poses": {
    "frame_00319.png": [
      [
        -0.0006821104341174104,
        -0.9991177380344065,
        0.041991430915923576,
        1.8228059166672854
      ],
      [
        0.9938941359089106,
        -0.005310506615099787,
        -0.11021000465189527,
        -2.062205604572146
      ],
      [
        0.11033576632821952,
        0.04165986155164338,
        0.9930208832669445,
        0.40467853374255924
      ],
      [
        0.0,
        0.0,
        0.0,
        1.0
      ]
    ],
    "frame_00307.png": [
      [
        0.015363424332577197,
        -0.9935138271764227,
        0.11266871971419014,
        -0.19195263396919346
      ],
      [
        0.9990827957566053,
        0.019757710219180245,
        0.03798947367443212,
        -2.1419886668386545
      ],
      [
        -0.03996914329758202,
        0.11198173108213887,
        0.9929061181642024,
        0.27996835922890734
      ],
      [
        0.0,
        0.0,
        0.0,
        1.0
      ]
    ],
    "frame_00068.png": [
      [
        -0.2224364157472235,
        -0.9734073077227443,
        -0.05477457641540393,
        -1.3470083786408695
      ],
      [
        0.3601419006089362,
        -0.1342458573681498,
        0.9231878796893258,
        1.3488083205570813
      ],
      [
        -0.9059910884635188,
        0.1856239829640797,
        0.3804259252117809,
        -1.648688509119924
      ],
      [
        0.0,
        0.0,
        0.0,
        1.0
      ]
    ],
    "frame_00303.png": [
      [
        -0.011298798567304903,
        -0.9975089620064292,
        0.06962907343769073,
        -0.5260382792859208
      ],
      [
        0.9392330814120925,
        0.013305252323162936,
        0.34302214074569964,
        -1.512876016033452
      ],
      [
        -0.34309409195158275,
        0.06927366727316253,
        0.9367430827555899,
        -0.4092810081593719
      ],
      [
        0.0,
        0.0,
        0.0,
        1.0
      ]
    ],
    "frame_00306.png": [
      [
        0.011996623813247844,
        -0.9950356125144553,
        0.09879377938446414,
        -0.23015398558406797
      ],
      [
        0.9951251516870688,
        0.021552680103613303,
        0.09623624296562872,
        -2.0882700799042806
      ],
      [
        -0.0978877596886946,
        0.09715766469164473,
        0.9904435242328531,
        0.1932378445298143
      ],
      [
        0.0,
        0.0,
        0.0,
        1.0
      ]
    ],
    "frame_00301.png": [
      [
        -0.02940239224280078,
        -0.99677661763838,
        0.07464498549662406,
        -0.8405256770393906
      ],
      [
        0.8553133732705227,
        0.01355658760331573,
        0.5179336370976045,
        -1.1316299066674822
      ],
      [
        -0.5172760702323276,
        0.07907334229653097,
        0.8521577751232782,
        -0.7273362686072147
      ],
      [
        0.0,
        0.0,
        0.0,
        1.0
      ]
    ],
    "frame_00305.png": [
      [
        0.0033334748728866977,
        -0.9961469515294651,
        0.08763640170514457,
        -0.33060214365157403
      ],
      [
        0.9870209766260657,
        0.017348343543047776,
        0.1596515789976405,
        -1.9725204950604183
      ],
      [
        -0.16055678012902252,
        0.08596677227200068,
        0.9832757672289776,
        0.033518009093452414
      ],
      [
        0.0,
        0.0,
        0.0,
        1.0
      ]
    ],
    "frame_00109.png": [
      [
        -0.19761441032283528,
        -0.8455503697561276,
        -0.4959769319615921,
        -0.12782085607558355
      ],
      [
        -0.06632693903079843,
        -0.4932618213400447,
        0.8673485532167021,
        0.33615338108047876
      ],
      [
        -0.9780333746818471,
        0.204297204615182,
        0.04139287613659694,
        -2.5496229670234394
      ],
      [
        0.0,
        0.0,
        0.0,
        1.0
      ]
    ]
  }
}