{
  "scene": "cbd44beb04f9c98f2d2c5affff89a6e0a72c25f1aa0c6f660fbd9e4d26702f8b",
  "data_factor": 4,
  "intrinsics": {
    "w": 960,
    "h": 540,
    "fl_x": 431.53398868879736,
    "fl_y": 432.57892171674297,
    "cx": 480.0,
    "cy": 270.0,
    "k1": -0.0006882935439948699,
    "k2": 0.00130667213685332,
    "p1": 1.105723393898808e-05,
    "p2": -0.0009862906847287521,
    "camera_model": "OPENCV"
  },
  "num_training_frames": 16,
  "num_closeup_pairs": 8,
  "training_frames": [
    "frame_00016.png",
    "frame_00001.png",
    "frame_00021.png",
    "frame_00012.png",
    "frame_00018.png",
    "frame_00008.png",
    "frame_00014.png",
    "frame_00015.png",
    "frame_00177.png",
    "frame_00057.png",
    "frame_00117.png",
    "frame_00037.png",
    "frame_00147.png",
    "frame_00048.png",
    "frame_00029.png",
    "frame_00159.png"
  ],
  "closeup_eval_pairs": [
    {
      "training_frame": "frame_00016.png",
      "closeup_frame": "frame_00287.png",
      "depth_ratio": 2.1024,
      "iou": 0.8735,
      "angle_deg": 52.4,
      "pair_score": 1.8447
    },
    {
      "training_frame": "frame_00001.png",
      "closeup_frame": "frame_00299.png",
      "depth_ratio": 2.0293,
      "iou": 0.9132,
      "angle_deg": 47.5,
      "pair_score": 1.8998
    },
    {
      "training_frame": "frame_00021.png",
      "closeup_frame": "frame_00284.png",
      "depth_ratio": 2.0013,
      "iou": 0.8744,
      "angle_deg": 51.9,
      "pair_score": 1.7638
    },
    {
      "training_frame": "frame_00012.png",
      "closeup_frame": "frame_00292.png",
      "depth_ratio": 2.0472,
      "iou": 0.8648,
      "angle_deg": 51.6,
      "pair_score": 1.7746
    },
    {
      "training_frame": "frame_00018.png",
      "closeup_frame": "frame_00289.png",
      "depth_ratio": 2.036,
      "iou": 0.8872,
      "angle_deg": 48.5,
      "pair_score": 1.8665
    },
    {
      "training_frame": "frame_00008.png",
      "closeup_frame": "frame_00295.png",
      "depth_ratio": 2.0976,
      "iou": 0.8663,
      "angle_deg": 50.8,
      "pair_score": 1.833
    },
    {
      "training_frame": "frame_00014.png",
      "closeup_frame": "frame_00283.png",
      "depth_ratio": 2.0817,
      "iou": 0.8733,
      "angle_deg": 58.2,
      "pair_score": 1.7257
    },
    {
      "training_frame": "frame_00015.png",
      "closeup_frame": "frame_00291.png",
      "depth_ratio": 2.0266,
      "iou": 0.8735,
      "angle_deg": 49.9,
      "pair_score": 1.8021
    }
  ],
  "closeup_poses": {
    "frame_00283.png": [
      [
        0.11159091147214326,
        -0.9867936073060588,
        0.1174131383479379,
        0.8421285048300361
      ],
      [
        0.9395973927580229,
        0.14324213750920434,
        0.3108672217589363,
        -1.5005777177063182
      ],
      [
        -0.32358029606133587,
        0.07563112204436691,
        0.9431732213009273,
        1.4326214076462802
      ],
      [
        0.0,
        0.0,
        0.0,
        1.0
      ]
    ],
    "frame_00289.png": [
      [
        0.12710550421650654,
        -0.984859103759327,
        0.11788442026087619,
        0.8021888473606779
      ],
      [
        0.9666044356557464,
        0.14965119913528124,
        0.20803937984912452,
        -2.3255893490433843
      ],
      [
        -0.22253102203626257,
        0.08750465324625675,
        0.9709906693124032,
        1.6421609252885163
      ],
      [
        0.0,
        0.0,
        0.0,
        1.0
      ]
    ],
    "frame_00291.png": [
      [
        0.1312719086643731,
        -0.9847021172536795,
        0.11458370857906947,
        0.8316937818512629
      ],
      [
        0.9711495113084022,
        0.15094790870124303,
        0.18461678023455172,
        -2.5441648761054334
      ],
      [
        -0.1990887055587636,
        0.08704291547760695,
        0.9761082000393677,
        1.6680886225482567
      ],
      [
        0.0,
        0.0,
        0.0,
        1.0
      ]
    ],
    "frame_00295.png": [
      [
        0.13404899230649928,
        -0.984321171851667,
        0.11464160809310554,
        0.7940189512566942
      ],
      [
        0.9822383970498996,
        0.14730253187197556,
        0.11623121553588622,
        -3.0064822144558763
      ],
      [
        -0.13129584541201644,
        0.0970247120514497,
        0.9865838059834945,
        1.5902458845427205
      ],
      [
        0.0,
        0.0,
        0.0,
        1.0
      ]
    ],
    "frame_00287.png": [
      [
        0.12130014223792351,
        -0.9850509098713615,
        0.12231508678271298,
        0.794577255993091
      ],
      [
        0.9569861878681948,
        0.14877357210940698,
        0.24908605033463188,
        -2.034676894562902
      ],
      [
        -0.26355969290192915,
        0.08683967528388252,
        0.9607263705520062,
        1.5137375738217511
      ],
      [
        0.0,
        0.0,
        0.0,
        1.0
      ]
    ],
    "frame_00284.png": [
      [
        0.11389536414319443,
        -0.9856895588545902,
        0.12427364801812416,
        0.8157088395648429
      ],
      [
        0.9422950683316391,
        0.14681478728192882,
        0.300874429676624,
        -1.6320577399244092
      ],
      [
        -0.3148139930571081,
        0.08283424292166532,
        0.9455319338737501,
        1.4290191848871208
      ],
      [
        0.0,
        0.0,
        0.0,
        1.0
      ]
    ],
    "frame_00299.png": [
      [
        0.1431677098142937,
        -0.9831233300480192,
        0.11389260196265326,
        0.7571126642828541
      ],
      [
        0.9895177009742845,
        0.14438979817381944,
        0.0025111037195123124,
        -3.5628627399843347
      ],
      [
        -0.01891365446170157,
        0.1123392366834352,
        0.9934898940483928,
        1.6998294137915484
      ],
      [
        0.0,
        0.0,
        0.0,
        1.0
      ]
    ],
    "frame_00292.png": [
      [
        0.1325319892597292,
        -0.9842954031084353,
        0.11660973905494416,
        0.8374160229257763
      ],
      [
        0.9730924147249406,
        0.1515821494231276,
        0.17353387099079204,
        -2.6382742616373283
      ],
      [
        -0.1884845463894673,
        0.09047326343106994,
        0.9778998744127585,
        1.6510620986306557
      ],
      [
        0.0,
        0.0,
        0.0,
        1.0
      ]
    ]
  }
}