{
  "scene": "d1b3a0b37acc72207295b05e8c359f8b43bf879eb882c60747cfc6d3c7d8efa3",
  "data_factor": 4,
  "intrinsics": {
    "w": 960,
    "h": 540,
    "fl_x": 462.9179687544421,
    "fl_y": 462.92919654810066,
    "cx": 480.0,
    "cy": 270.0,
    "k1": 0.02793428264077277,
    "k2": -0.02615649889015329,
    "p1": -0.00024105804784966975,
    "p2": 0.0018930395737543856,
    "camera_model": "OPENCV"
  },
  "num_training_frames": 16,
  "num_closeup_pairs": 8,
  "training_frames": [
    "frame_00237.png",
    "frame_00185.png",
    "frame_00044.png",
    "frame_00035.png",
    "frame_00052.png",
    "frame_00049.png",
    "frame_00041.png",
    "frame_00190.png",
    "frame_00154.png",
    "frame_00203.png",
    "frame_00106.png",
    "frame_00004.png",
    "frame_00028.png",
    "frame_00197.png",
    "frame_00174.png",
    "frame_00193.png"
  ],
  "closeup_eval_pairs": [
    {
      "training_frame": "frame_00237.png",
      "closeup_frame": "frame_00254.png",
      "depth_ratio": 2.6608,
      "iou": 0.7233,
      "angle_deg": 26.1,
      "pair_score": 2.4638
    },
    {
      "training_frame": "frame_00185.png",
      "closeup_frame": "frame_00297.png",
      "depth_ratio": 2.0531,
      "iou": 0.7819,
      "angle_deg": 47.6,
      "pair_score": 1.7192
    },
    {
      "training_frame": "frame_00044.png",
      "closeup_frame": "frame_00262.png",
      "depth_ratio": 2.2953,
      "iou": 0.6596,
      "angle_deg": 20.9,
      "pair_score": 1.9626
    },
    {
      "training_frame": "frame_00035.png",
      "closeup_frame": "frame_00273.png",
      "depth_ratio": 2.0099,
      "iou": 0.8912,
      "angle_deg": 15.5,
      "pair_score": 2.273
    },
    {
      "training_frame": "frame_00052.png",
      "closeup_frame": "frame_00263.png",
      "depth_ratio": 2.2654,
      "iou": 0.7086,
      "angle_deg": 12.4,
      "pair_score": 2.1291
    },
    {
      "training_frame": "frame_00049.png",
      "closeup_frame": "frame_00265.png",
      "depth_ratio": 2.3239,
      "iou": 0.8028,
      "angle_deg": 13.9,
      "pair_score": 2.4337
    },
    {
      "training_frame": "frame_00041.png",
      "closeup_frame": "frame_00269.png",
      "depth_ratio": 2.0144,
      "iou": 0.8561,
      "angle_deg": 17.8,
      "pair_score": 2.1899
    },
    {
      "training_frame": "frame_00190.png",
      "closeup_frame": "frame_00296.png",
      "depth_ratio": 2.0282,
      "iou": 0.805,
      "angle_deg": 29.3,
      "pair_score": 1.9498
    }
  ],
  "closeup_poses": {
    "frame_00296.png": [
      [
        -0.16876661999723672,
        -0.9339087267153187,
        -0.31517030021828,
        0.2527580794093697
      ],
      [
        0.729541402832484,
        -0.33337097211713873,
        0.5971876895104963,
        -0.6502189759081212
      ],
      [
        -0.6627874240870292,
        -0.12914443508973342,
        0.7375869747747952,
        0.47833230916899655
      ],
      [
        0.0,
        0.0,
        0.0,
        1.0
      ]
    ],
    "frame_00262.png": [
      [
        -0.39402474207510624,
        -0.8420421947555747,
        -0.36838762857058654,
        0.18540633564301684
      ],
      [
        0.08363525852009235,
        -0.43199954402147805,
        0.8979874929516068,
        -1.1562168299663638
      ],
      [
        -0.9152866469936747,
        0.3230190957458235,
        0.24064292555283487,
        -0.05270334883799523
      ],
      [
        0.0,
        0.0,
        0.0,
        1.0
      ]
    ],
    "frame_00273.png": [
      [
        -0.2923988321276435,
        -0.9254792728417272,
        -0.24081328557772266,
        0.8225416785508597
      ],
      [
        0.5242844842873249,
        -0.36574062181342154,
        0.7689990748311113,
        -0.5186856556062057
      ],
      [
        -0.7997679053987874,
        0.09859976214920277,
        0.5921565539603161,
        0.6061908432511626
      ],
      [
        0.0,
        0.0,
        0.0,
        1.0
      ]
    ],
    "frame_00297.png": [
      [
        -0.16859075947704902,
        -0.9328814455137807,
        -0.3182913200749757,
        0.16566668880803823
      ],
      [
        0.661139423393437,
        -0.34652513939922674,
        0.6654434540960938,
        -0.39218781561901844
      ],
      [
        -0.7310757954233922,
        -0.09824732251041407,
        0.675185637410623,
        0.3047735094900465
      ],
      [
        0.0,
        0.0,
        0.0,
        1.0
      ]
    ],
    "frame_00269.png": [
      [
        -0.3436993746556177,
        -0.8884941338771976,
        -0.3040541299294354,
        0.6314590820657574
      ],
      [
        0.25388219085041375,
        -0.3996363105570194,
        0.8808147662552938,
        -0.2981389920823613
      ],
      [
        -0.9041098235448677,
        0.22554155570577702,
        0.3629275872946095,
        0.1171683767150287
      ],
      [
        0.0,
        0.0,
        0.0,
        1.0
      ]
    ],
    "frame_00265.png": [
      [
        -0.367987255555087,
        -0.8638191395645773,
        -0.34409573358434464,
        0.44536547017610967
      ],
      [
        0.2078439708433654,
        -0.4371152980090323,
        0.8750606264885521,
        -0.6831170440607877
      ],
      [
        -0.9063036265695383,
        0.25049293476740636,
        0.3403924589330887,
        -0.005428985266298121
      ],
      [
        0.0,
        0.0,
        0.0,
        1.0
      ]
    ],
    "frame_00254.png": [
      [
        -0.3722407311735179,
        -0.771528878602737,
        -0.5159263780205541,
        -0.23236181011994037
      ],
      [
        -0.3342758786581051,
        -0.4071253155633391,
        0.8500050672641914,
        -0.5910521865102648
      ],
      [
        -0.8658501458120542,
        0.48886825107533255,
        -0.10635486866048571,
        -0.5720924534802658
      ],
      [
        0.0,
        0.0,
        0.0,
        1.0
      ]
    ],
    "frame_00263.png": [
      [
        -0.40149091499745665,
        -0.843236817570579,
        -0.3574307131010803,
        0.2693769789687568
      ],
      [
        0.11894370599212874,
        -0.43496850790512787,
        0.8925552038589233,
        -1.0436392547270432
      ],
      [
        -0.9081065135651007,
        0.31583867183140896,
        0.27493361634476154,
        0.015230578987420126
      ],
      [
        0.0,
        0.0,
        0.0,
        1.0
      ]
    ]
  }
}