{
  "scene": "d3812aad538261e7f73c75762ff55f23b468bcc76f376d52ac86ca6cf3c44b4b",
  "data_factor": 4,
  "intrinsics": {
    "w": 960,
    "h": 540,
    "fl_x": 573.6842412346442,
    "fl_y": 569.0747755765468,
    "cx": 480.0,
    "cy": 270.0,
    "k1": 0.007164983720242264,
    "k2": -0.015494709042319246,
    "p1": 0.0005223320227151396,
    "p2": 0.013952081767938858,
    "camera_model": "OPENCV"
  },
  "num_training_frames": 16,
  "num_closeup_pairs": 8,
  "training_frames": [
    "frame_00007.png",
    "frame_00350.png",
    "frame_00343.png",
    "frame_00001.png",
    "frame_00010.png",
    "frame_00004.png",
    "frame_00006.png",
    "frame_00003.png",
    "frame_00403.png",
    "frame_00061.png",
    "frame_00366.png",
    "frame_00388.png",
    "frame_00224.png",
    "frame_00078.png",
    "frame_00359.png",
    "frame_00395.png"
  ],
  "closeup_eval_pairs": [
    {
      "training_frame": "frame_00007.png",
      "closeup_frame": "frame_00264.png",
      "depth_ratio": 2.0916,
      "iou": 0.6524,
      "angle_deg": 27.7,
      "pair_score": 1.6619
    },
    {
      "training_frame": "frame_00350.png",
      "closeup_frame": "frame_00190.png",
      "depth_ratio": 2.1299,
      "iou": 0.6513,
      "angle_deg": 13.5,
      "pair_score": 1.7421
    },
    {
      "training_frame": "frame_00343.png",
      "closeup_frame": "frame_00262.png",
      "depth_ratio": 2.1472,
      "iou": 0.6526,
      "angle_deg": 38.0,
      "pair_score": 1.5947
    },
    {
      "training_frame": "frame_00001.png",
      "closeup_frame": "frame_00258.png",
      "depth_ratio": 2.2369,
      "iou": 0.8088,
      "angle_deg": 29.8,
      "pair_score": 2.1557
    },
    {
      "training_frame": "frame_00010.png",
      "closeup_frame": "frame_00265.png",
      "depth_ratio": 2.0095,
      "iou": 0.6515,
      "angle_deg": 25.5,
      "pair_score": 1.6225
    },
    {
      "training_frame": "frame_00004.png",
      "closeup_frame": "frame_00030.png",
      "depth_ratio": 2.1151,
      "iou": 0.6773,
      "angle_deg": 17.6,
      "pair_score": 1.7821
    },
    {
      "training_frame": "frame_00006.png",
      "closeup_frame": "frame_00263.png",
      "depth_ratio": 2.0692,
      "iou": 0.6532,
      "angle_deg": 29.8,
      "pair_score": 1.6166
    },
    {
      "training_frame": "frame_00003.png",
      "closeup_frame": "frame_00259.png",
      "depth_ratio": 2.1112,
      "iou": 0.7788,
      "angle_deg": 31.5,
      "pair_score": 1.93
    }
  ],
  "closeup_poses": {
    "frame_00190.png": [
      [
        0.07609600843082392,
        -0.9596899086680963,
        -0.270563627824431,
        -0.38052540318409406
      ],
      [
        0.2975598693344768,
        -0.2371288592918976,
        0.9247853957824878,
        1.4901536182016941
      ],
      [
        -0.9516656564479697,
        -0.15088135501626673,
        0.26752064414902677,
        0.2593703146511782
      ],
      [
        0.0,
        0.0,
        0.0,
        1.0
      ]
    ],
    "frame_00264.png": [
      [
        -0.01920734395750844,
        -0.9989499604763576,
        0.04159392266162461,
        0.23921180437313552
      ],
      [
        0.9651275103776513,
        -0.029388031107529484,
        -0.26012541655874216,
        -1.4262924053913275
      ],
      [
        0.26107463808331555,
        0.03514712067732041,
        0.9646785543681168,
        1.2007988236634988
      ],
      [
        0.0,
        0.0,
        0.0,
        1.0
      ]
    ],
    "frame_00262.png": [
      [
        -0.03336414849509777,
        -0.9959382877612104,
        0.08362870659328235,
        0.18099476551923965
      ],
      [
        0.9796096476711058,
        -0.049174398131667414,
        -0.19479942699628378,
        -1.185547607890595
      ],
      [
        0.19812059909279825,
        0.07542417079197163,
        0.9772714170973457,
        1.5210302031946028
      ],
      [
        0.0,
        0.0,
        0.0,
        1.0
      ]
    ],
    "frame_00030.png": [
      [
        -0.027315530725440306,
        -0.9700618832601589,
        -0.24131681339463573,
        -0.03298625001542301
      ],
      [
        0.9930917066544028,
        0.0012245998335178596,
        -0.1173344047135926,
        -1.0382368253191252
      ],
      [
        0.11411715013718544,
        -0.2428547775955863,
        0.9633269606128363,
        1.49502748768255
      ],
      [
        0.0,
        0.0,
        0.0,
        1.0
      ]
    ],
    "frame_00259.png": [
      [
        -0.05213335082161976,
        -0.9967161157359462,
        0.061960458070917025,
        0.14841987794205472
      ],
      [
        0.9526154825018315,
        -0.06825353268975749,
        -0.29642064329795115,
        -0.8821983322282912
      ],
      [
        0.2996762523623,
        0.04357109027343883,
        0.9530454888736796,
        2.0515322490820567
      ],
      [
        0.0,
        0.0,
        0.0,
        1.0
      ]
    ],
    "frame_00258.png": [
      [
        -0.0609573098404396,
        -0.9968315610123539,
        0.05109838888546674,
        0.13620567247805948
      ],
      [
        0.9295105629064937,
        -0.07534656265136568,
        -0.3610166325003283,
        -0.7537937377698547
      ],
      [
        0.3637228612862682,
        0.025489889491670494,
        0.9311583891645032,
        2.1884147113169163
      ],
      [
        0.0,
        0.0,
        0.0,
        1.0
      ]
    ],
    "frame_00265.png": [
      [
        0.0033881052557702645,
        -0.9990052475988628,
        -0.04446387311864364,
        0.2881767686803353
      ],
      [
        0.9567580977884846,
        0.016171543778859845,
        -0.2904348868300238,
        -1.5481738040753128
      ],
      [
        0.2908650254996914,
        -0.04155714669877418,
        0.9558611512658733,
        1.0302163165959086
      ],
      [
        0.0,
        0.0,
        0.0,
        1.0
      ]
    ],
    "frame_00263.png": [
      [
        -0.02760160528909834,
        -0.9974149762914805,
        0.06634392553150796,
        0.22332651333482292
      ],
      [
        0.9751634582471705,
        -0.041457812272014914,
        -0.21757178011184491,
        -1.30676123574561
      ],
      [
        0.21975982591202478,
        0.058690841458304416,
        0.9737869397584015,
        1.358870032328635
      ],
      [
        0.0,
        0.0,
        0.0,
        1.0
      ]
    ]
  }
}