{
  "scene": "e8ce51b6abfe05bf8dca47e29c8be6c1e6de27a8c9fece7a121400b931b2ca0f",
  "data_factor": 4,
  "intrinsics": {
    "w": 960,
    "h": 540,
    "fl_x": 420.9860823782952,
    "fl_y": 420.12751660688525,
    "cx": 480.0,
    "cy": 270.0,
    "k1": -0.00271676334164946,
    "k2": 0.0006827810896496149,
    "p1": 4.6870905531184294e-05,
    "p2": 0.0009172914964403349,
    "camera_model": "OPENCV"
  },
  "num_training_frames": 16,
  "num_closeup_pairs": 5,
  "training_frames": [
    "frame_00160.png",
    "frame_00267.png",
    "frame_00264.png",
    "frame_00265.png",
    "frame_00162.png",
    "frame_00241.png",
    "frame_00115.png",
    "frame_00252.png",
    "frame_00177.png",
    "frame_00009.png",
    "frame_00127.png",
    "frame_00138.png",
    "frame_00275.png",
    "frame_00258.png",
    "frame_00246.png",
    "frame_00183.png"
  ],
  "closeup_eval_pairs": [
    {
      "training_frame": "frame_00160.png",
      "closeup_frame": "frame_00288.png",
      "depth_ratio": 2.0744,
      "iou": 0.6843,
      "angle_deg": 53.6,
      "pair_score": 1.4651
    },
    {
      "training_frame": "frame_00267.png",
      "closeup_frame": "frame_00331.png",
      "depth_ratio": 2.0471,
      "iou": 0.688,
      "angle_deg": 13.3,
      "pair_score": 1.8154
    },
    {
      "training_frame": "frame_00264.png",
      "closeup_frame": "frame_00289.png",
      "depth_ratio": 2.0215,
      "iou": 0.7052,
      "angle_deg": 17.3,
      "pair_score": 1.8202
    },
    {
      "training_frame": "frame_00265.png",
      "closeup_frame": "frame_00290.png",
      "depth_ratio": 2.1187,
      "iou": 0.6764,
      "angle_deg": 19.1,
      "pair_score": 1.8357
    },
    {
      "training_frame": "frame_00162.png",
      "closeup_frame": "frame_00324.png",
      "depth_ratio": 2.0039,
      "iou": 0.6559,
      "angle_deg": 60.0,
      "pair_score": 1.2724
    }
  ],
  "closeup_poses": {
    "frame_00331.png": [
      [
        -0.25147589204077586,
        -0.9666671373417258,
        0.04810947210112678,
        -0.9289996336810006
      ],
      [
        0.8276752959574906,
        -0.18901902529971576,
        0.5284178389649857,
        2.6908120389098915
      ],
      [
        -0.501710554188345,
        0.17270336898363756,
        0.847620236991617,
        -1.8453090370693153
      ],
      [
        0.0,
        0.0,
        0.0,
        1.0
      ]
    ],
    "frame_00289.png": [
      [
        -0.26579452488310296,
        -0.9595986944968204,
        0.0923234318153497,
        -0.3658507730840991
      ],
      [
        0.8896435748165555,
        -0.20726923530540983,
        0.4069075741289789,
        2.728675996037252
      ],
      [
        -0.3713321698018976,
        0.19028875325648814,
        0.9087918408823367,
        -1.1713777266692167
      ],
      [
        0.0,
        0.0,
        0.0,
        1.0
      ]
    ],
    "frame_00288.png": [
      [
        -0.2733142772404132,
        -0.9571002067122348,
        0.09622110042993567,
        -0.3364256175699506
      ],
      [
        0.8825512523340361,
        -0.20971500243189523,
        0.4208597209981193,
        2.792110430257417
      ],
      [
        -0.3826259176534899,
        0.19994702314960164,
        0.9020080903591928,
        -1.1518752028935273
      ],
      [
        0.0,
        0.0,
        0.0,
        1.0
      ]
    ],
    "frame_00324.png": [
      [
        -0.24912026983978103,
        -0.9651193348405636,
        0.080521802462828,
        -0.9027644316669798
      ],
      [
        0.8298698664217125,
        -0.16986752432758326,
        0.5314706285243118,
        3.171970343092986
      ],
      [
        -0.4992545402499248,
        0.1992227238437572,
        0.8432408969826536,
        -1.8264087332798862
      ],
      [
        0.0,
        0.0,
        0.0,
        1.0
      ]
    ],
    "frame_00290.png": [
      [
        -0.25564588714342207,
        -0.9628613529760072,
        0.08685157069314092,
        -0.4088616503454668
      ],
      [
        0.8975854363543941,
        -0.20301787876351074,
        0.39131077847007545,
        2.646495609007338
      ],
      [
        -0.35914560394239087,
        0.17799369608943294,
        0.9161510133822249,
        -1.215823881537999
      ],
      [
        0.0,
        0.0,
        0.0,
        1.0
      ]
    ]
  }
}