{
  "scene": "f7aaea9ac683bb1945cfeb1daa9abca3375249e0d19281a89a3f575040835464",
  "data_factor": 4,
  "intrinsics": {
    "w": 960,
    "h": 540,
    "fl_x": 422.4228250741632,
    "fl_y": 422.49782485923697,
    "cx": 480.0,
    "cy": 270.0,
    "k1": -0.0030386354941609787,
    "k2": 0.0009959911381539183,
    "p1": 4.2296497350067335e-05,
    "p2": 0.00101300299466556,
    "camera_model": "OPENCV"
  },
  "num_training_frames": 16,
  "num_closeup_pairs": 8,
  "training_frames": [
    "frame_00121.png",
    "frame_00001.png",
    "frame_00100.png",
    "frame_00119.png",
    "frame_00123.png",
    "frame_00003.png",
    "frame_00002.png",
    "frame_00122.png",
    "frame_00158.png",
    "frame_00173.png",
    "frame_00141.png",
    "frame_00020.png",
    "frame_00110.png",
    "frame_00090.png",
    "frame_00165.png",
    "frame_00152.png"
  ],
  "closeup_eval_pairs": [
    {
      "training_frame": "frame_00121.png",
      "closeup_frame": "frame_00255.png",
      "depth_ratio": 2.2412,
      "iou": 0.8252,
      "angle_deg": 59.4,
      "pair_score": 1.7812
    },
    {
      "training_frame": "frame_00001.png",
      "closeup_frame": "frame_00259.png",
      "depth_ratio": 2.3758,
      "iou": 0.7265,
      "angle_deg": 23.7,
      "pair_score": 2.2223
    },
    {
      "training_frame": "frame_00100.png",
      "closeup_frame": "frame_00261.png",
      "depth_ratio": 2.4091,
      "iou": 0.6525,
      "angle_deg": 38.1,
      "pair_score": 1.9397
    },
    {
      "training_frame": "frame_00119.png",
      "closeup_frame": "frame_00254.png",
      "depth_ratio": 2.0384,
      "iou": 0.8553,
      "angle_deg": 59.8,
      "pair_score": 1.6538
    },
    {
      "training_frame": "frame_00123.png",
      "closeup_frame": "frame_00260.png",
      "depth_ratio": 3.1837,
      "iou": 0.654,
      "angle_deg": 51.9,
      "pair_score": 2.2956
    },
    {
      "training_frame": "frame_00003.png",
      "closeup_frame": "frame_00257.png",
      "depth_ratio": 2.0537,
      "iou": 0.8039,
      "angle_deg": 19.2,
      "pair_score": 2.1019
    },
    {
      "training_frame": "frame_00002.png",
      "closeup_frame": "frame_00258.png",
      "depth_ratio": 2.2159,
      "iou": 0.7629,
      "angle_deg": 21.5,
      "pair_score": 2.1648
    },
    {
      "training_frame": "frame_00122.png",
      "closeup_frame": "frame_00256.png",
      "depth_ratio": 2.4479,
      "iou": 0.7878,
      "angle_deg": 58.4,
      "pair_score": 1.8989
    }
  ],
  "closeup_poses": {
    "frame_00256.png": [
      [
        -0.10806041721326241,
        -0.9533550962310281,
        -0.28184571439357187,
        0.6772554125994078
      ],
      [
        0.9894482194954337,
        -0.13066101238943317,
        0.06260927070877571,
        3.1294992347000696
      ],
      [
        -0.0965151136818065,
        -0.2721061563649299,
        0.9574147860249977,
        0.7846218496510927
      ],
      [
        0.0,
        0.0,
        0.0,
        1.0
      ]
    ],
    "frame_00259.png": [
      [
        -0.07584684937550251,
        -0.9368595987023993,
        -0.34138152814554745,
        0.6130349365964933
      ],
      [
        0.9971177964125203,
        -0.07189196691028657,
        -0.024241393755516514,
        2.979257663969585
      ],
      [
        -0.0018318070994427153,
        -0.34223623042125406,
        0.9396121577916076,
        0.5135731336891117
      ],
      [
        0.0,
        0.0,
        0.0,
        1.0
      ]
    ],
    "frame_00258.png": [
      [
        -0.09032426584729944,
        -0.9422278111131999,
        -0.3225651546028716,
        0.6322337944218034
      ],
      [
        0.9953127739085461,
        -0.0966416294016076,
        0.0035885318833844943,
        3.0132099203264735
      ],
      [
        -0.034554436670594275,
        -0.3207290872861868,
        0.9465404605588434,
        0.6105697751151226
      ],
      [
        0.0,
        0.0,
        0.0,
        1.0
      ]
    ],
    "frame_00261.png": [
      [
        -0.04143677463070423,
        -0.9268386627313786,
        -0.3731662993552796,
        0.5503696438887065
      ],
      [
        0.9971987818278051,
        -0.015086370483885945,
        -0.07325974984099211,
        2.9263177971951513
      ],
      [
        0.06227024353048602,
        -0.3751566268799378,
        0.9248675159603786,
        0.3011526143803827
      ],
      [
        0.0,
        0.0,
        0.0,
        1.0
      ]
    ],
    "frame_00254.png": [
      [
        -0.1175820678705071,
        -0.9635442953631607,
        -0.240326544910057,
        0.7626889109291433
      ],
      [
        0.9798700696392335,
        -0.1518880074981266,
        0.1295557015474534,
        3.386253928869316
      ],
      [
        -0.16133537721311852,
        -0.2202553610048101,
        0.9620075218043472,
        0.9952030073142755
      ],
      [
        0.0,
        0.0,
        0.0,
        1.0
      ]
    ],
    "frame_00257.png": [
      [
        -0.1014565545157402,
        -0.9478232332419999,
        -0.30222125350887535,
        0.6573522077949976
      ],
      [
        0.9926116771705846,
        -0.11676652177358865,
        0.032979353200104276,
        3.0646612394392845
      ],
      [
        -0.06654792175863809,
        -0.2966423737762009,
        0.9526671381915232,
        0.7027730730434691
      ],
      [
        0.0,
        0.0,
        0.0,
        1.0
      ]
    ],
    "frame_00255.png": [
      [
        -0.1131064517843719,
        -0.9589487725327481,
        -0.2600465001162004,
        0.7063489415464914
      ],
      [
        0.9850272872463407,
        -0.14249648303826773,
        0.09703605361843343,
        3.2466165073599744
      ],
      [
        -0.13010831620178773,
        -0.24517749484742699,
        0.9607079796043516,
        0.8847830818148715
      ],
      [
        0.0,
        0.0,
        0.0,
        1.0
      ]
    ],
    "frame_00260.png": [
      [
        -0.0580517700535238,
        -0.9312736287808491,
        -0.35966570635939443,
        0.5914626047376758
      ],
      [
        0.9977454120811392,
        -0.04196946753245443,
        -0.052370377753841624,
        2.958730997471656
      ],
      [
        0.033676173545856045,
        -0.36189500152999016,
        0.9316103923867088,
        0.4114510606506211
      ],
      [
        0.0,
        0.0,
        0.0,
        1.0
      ]
    ]
  }
}